0 0.819627 0.196241 0.297149 0.254135
0 0.300439 0.222932 0.434211 0.293985
0 0.816886 0.227444 0.287281 0.310526
0 0.452851 0.421429 0.149123 0.089474
0 0.452851 0.503008 0.146930 0.078195
0 0.742325 0.415789 0.142544 0.058647
0 0.452851 0.593985 0.146930 0.102256
0 0.304825 0.607895 0.142544 0.092481
0 0.307018 0.701504 0.146930 0.096241
0 0.304825 0.797368 0.144737 0.098496
0 0.307018 0.896617 0.146930 0.096992
0 0.452851 0.690602 0.144737 0.086466
0 0.744518 0.666541 0.142544 0.140602
0 0.456140 0.877444 0.146930 0.144361
0 0.890351 0.402256 0.146930 0.033083
0 0.746711 0.750000 0.142544 0.021805
0 0.892544 0.678947 0.146930 0.025564