0 0.315440 0.196007 0.350716 0.325183
0 0.198875 0.482478 0.117587 0.190709
0 0.195808 0.642624 0.113497 0.131214
0 0.315440 0.759576 0.121677 0.197229
0 0.433027 0.902608 0.115542 0.079055
0 0.317485 0.900978 0.123722 0.085575
0 0.197853 0.739609 0.113497 0.059495
0 0.080266 0.431133 0.123722 0.084760
0 0.078221 0.554605 0.121677 0.162184
0 0.078221 0.702526 0.119632 0.130399
0 0.140082 0.855746 0.239264 0.180929
0 0.850716 0.260799 0.235174 0.257539
0 0.848671 0.504890 0.235174 0.227384
0 0.850716 0.651589 0.235174 0.057865
0 0.789877 0.814588 0.354806 0.264874