0 0.611290 0.698868 0.121505 0.170574
0 0.361290 0.682700 0.124731 0.177041
0 0.488172 0.168149 0.378495 0.194018
0 0.487634 0.378739 0.127957 0.227162
0 0.804301 0.216249 0.247312 0.291835
0 0.801613 0.434519 0.246237 0.138238
0 0.802151 0.540825 0.258065 0.071140
0 0.800000 0.610348 0.251613 0.069523
0 0.802151 0.689976 0.258065 0.086500
0 0.801613 0.798707 0.259140 0.126112
0 0.177419 0.092563 0.255914 0.047696
0 0.173118 0.274454 0.247312 0.312854
0 0.174731 0.477769 0.250538 0.087308
0 0.173118 0.563056 0.247312 0.075182
0 0.171505 0.649555 0.248387 0.092967
0 0.172581 0.738884 0.250538 0.079224
0 0.177419 0.864592 0.251613 0.165724