0 0.156942 0.094844 0.263581 0.120942
0 0.920523 0.130172 0.134809 0.213240
0 0.852616 0.265754 0.272636 0.056652
0 0.851107 0.383832 0.277666 0.183323
0 0.853119 0.613622 0.277666 0.272438
0 0.857646 0.820496 0.282696 0.145130
0 0.856640 0.946213 0.284708 0.105029
0 0.647887 0.949714 0.144869 0.094208
0 0.505533 0.865691 0.135815 0.066200
0 0.505030 0.947804 0.138833 0.100573
0 0.367203 0.722151 0.136821 0.307447
0 0.365694 0.896244 0.141851 0.043285
0 0.363179 0.955761 0.144869 0.073202
0 0.158954 0.147677 0.273642 0.234246
0 0.158954 0.399109 0.273642 0.272438
0 0.159960 0.625080 0.275654 0.179504
0 0.160966 0.805538 0.273642 0.177594
0 0.160966 0.942712 0.269618 0.098027