0 0.559819 0.188015 0.117381 0.319305
0 0.205418 0.191217 0.119639 0.329369
0 0.861174 0.503202 0.246050 0.953339
0 0.683973 0.381061 0.119639 0.097896
0 0.618510 0.502287 0.239278 0.150046
0 0.619639 0.637237 0.241535 0.119854
0 0.615688 0.835773 0.235892 0.279048
0 0.441309 0.650503 0.117381 0.049405
0 0.439616 0.721409 0.113995 0.097896
0 0.443002 0.817475 0.116253 0.097896
0 0.439616 0.917200 0.116253 0.103385
0 0.326749 0.818847 0.127540 0.065874
0 0.323363 0.873285 0.123025 0.046661
0 0.319977 0.933211 0.116253 0.071363
0 0.205418 0.851784 0.126411 0.078683
0 0.199774 0.923147 0.117381 0.078683