0 0.348270 0.088361 0.634428 0.088715
0 0.796362 0.113556 0.261757 0.147622
0 0.795031 0.229241 0.255546 0.082328
0 0.735138 0.367991 0.130435 0.192335
0 0.864685 0.375089 0.128660 0.210788
0 0.861579 0.506033 0.133097 0.053939
0 0.860692 0.555004 0.133097 0.049681
0 0.860692 0.605749 0.136646 0.050390
0 0.859361 0.649397 0.135759 0.046842
0 0.861579 0.695529 0.133097 0.046842
0 0.731145 0.536906 0.127773 0.144074
0 0.733807 0.635202 0.127773 0.049681
0 0.730701 0.687722 0.125111 0.049681
0 0.733363 0.741306 0.130435 0.054649
0 0.734250 0.796309 0.128660 0.049681
0 0.732919 0.844216 0.131322 0.044713
0 0.862023 0.742725 0.130435 0.051810
0 0.864241 0.795600 0.133097 0.049681
0 0.864685 0.843861 0.128660 0.052520
0 0.803017 0.919446 0.264419 0.105749
0 0.606477 0.874734 0.125111 0.188077
0 0.478705 0.899929 0.130435 0.147622
0 0.220497 0.808730 0.378882 0.324344