0 0.552476 0.118962 0.810142 0.171735
0 0.080189 0.308140 0.134434 0.349732
0 0.086085 0.919052 0.143868 0.054562
0 0.211675 0.459302 0.126179 0.092129
0 0.216981 0.556351 0.129717 0.062612
0 0.212854 0.696333 0.133255 0.068873
0 0.349057 0.349284 0.129717 0.074240
0 0.352005 0.416369 0.133255 0.054562
0 0.349646 0.470036 0.133255 0.056351
0 0.351415 0.518784 0.129717 0.044723
0 0.351415 0.749106 0.129717 0.226297
0 0.218160 0.904741 0.134434 0.135063
0 0.481132 0.412343 0.134434 0.062612
0 0.481132 0.475850 0.125000 0.060823
0 0.481722 0.534884 0.133255 0.059034
0 0.483491 0.608229 0.134434 0.078712
0 0.484670 0.680680 0.129717 0.060823
0 0.889741 0.308587 0.133255 0.084079
0 0.752948 0.343470 0.133255 0.064401
0 0.482901 0.940072 0.133255 0.044723