0 0.336683 0.796900 0.116583 0.326264
0 0.332663 0.455546 0.122613 0.252039
0 0.446231 0.183524 0.341709 0.288744
0 0.916583 0.185155 0.114573 0.088091
0 0.915578 0.295677 0.116583 0.131321
0 0.914070 0.463703 0.117588 0.203100
0 0.797487 0.397635 0.111558 0.108483
0 0.795477 0.509380 0.111558 0.113377
0 0.858794 0.654568 0.232161 0.178630
0 0.684925 0.786297 0.111558 0.171289
0 0.681910 0.916395 0.111558 0.087276
0 0.857286 0.854405 0.231156 0.219413
0 0.100000 0.671697 0.117588 0.268352
0 0.221106 0.791599 0.114573 0.092170
0 0.104523 0.821370 0.118593 0.039152
0 0.160302 0.902936 0.232161 0.120718