0 0.488698 0.618836 0.127018 0.143088
0 0.615178 0.348828 0.125942 0.130154
0 0.488698 0.172999 0.370291 0.213420
0 0.364909 0.347615 0.129171 0.130962
0 0.178687 0.090946 0.251884 0.042846
0 0.177610 0.134600 0.249731 0.042846
0 0.178687 0.180679 0.251884 0.050930
0 0.176534 0.379143 0.247578 0.350849
0 0.799785 0.088521 0.249731 0.047696
0 0.801938 0.136217 0.254037 0.050930
0 0.802476 0.364188 0.255113 0.398545
0 0.805167 0.588925 0.251884 0.047696
0 0.738967 0.649555 0.130248 0.067098
0 0.736276 0.815279 0.122713 0.259499
0 0.865985 0.689976 0.125942 0.154406
0 0.864370 0.831043 0.131324 0.122878
0 0.864909 0.920776 0.130248 0.056589
0 0.175457 0.604689 0.251884 0.095392
0 0.175457 0.701698 0.251884 0.095392
0 0.172766 0.792643 0.246502 0.076799
0 0.174381 0.886015 0.249731 0.106710