0 0.209336 0.216563 0.116458 0.286936
0 0.562560 0.548600 0.108758 0.027216
0 0.328200 0.412131 0.117421 0.186625
0 0.680943 0.212675 0.118383 0.282271
0 0.446583 0.191291 0.119346 0.234837
0 0.092878 0.423406 0.120308 0.481337
0 0.094321 0.708009 0.117421 0.089425
0 0.208373 0.624417 0.122233 0.264386
0 0.153513 0.866252 0.235804 0.219285
0 0.858037 0.491058 0.237729 0.526439
0 0.914341 0.140358 0.115496 0.178072
0 0.858037 0.790435 0.237729 0.067652
0 0.858037 0.898911 0.233879 0.153966
0 0.682387 0.596034 0.115496 0.223173
0 0.681424 0.774106 0.113571 0.136081
0 0.626083 0.907854 0.228104 0.136081
0 0.449952 0.871695 0.120308 0.205288
0 0.565929 0.743779 0.117421 0.195179