0 0.070634 0.595281 0.063404 0.078040
0 0.701891 0.171506 0.062291 0.085299
0 0.530590 0.115245 0.057842 0.076225
0 0.328699 0.203267 0.114572 0.275862
0 0.903226 0.498639 0.117909 0.922868
0 0.786986 0.295826 0.112347 0.219601
0 0.673526 0.529492 0.345940 0.238657
0 0.672970 0.805808 0.338154 0.313975
0 0.388209 0.610708 0.233593 0.188748
0 0.389878 0.836207 0.230256 0.254991
0 0.101224 0.794011 0.111235 0.036298
0 0.102892 0.886116 0.114572 0.147913
0 0.215795 0.611615 0.115684 0.036298
0 0.215795 0.647913 0.115684 0.032668
0 0.214127 0.693739 0.121246 0.057169
0 0.214683 0.762704 0.117909 0.084392
0 0.217464 0.844828 0.114572 0.078040
0 0.215795 0.923775 0.111235 0.078040