0 0.679964 0.406358 0.233908 0.225294
0 0.440163 0.316862 0.240254 0.458189
0 0.204896 0.228404 0.233908 0.284036
0 0.201723 0.477885 0.238441 0.219074
0 0.199909 0.716655 0.238441 0.262612
0 0.199003 0.890117 0.238441 0.082930
0 0.199909 0.947132 0.238441 0.031099
0 0.739801 0.191431 0.359021 0.207326
0 0.854034 0.327920 0.121487 0.067035
0 0.855394 0.389426 0.122393 0.054596
0 0.855394 0.444713 0.122393 0.053214
0 0.855394 0.496890 0.122393 0.048376
0 0.739801 0.620249 0.359021 0.198341
0 0.799637 0.823773 0.228468 0.205943
0 0.615594 0.843124 0.119674 0.251555
0 0.733908 0.947478 0.122393 0.045612
0 0.857208 0.949205 0.122393 0.043538