0 0.479722 0.199012 0.250290 0.250674
0 0.901506 0.168464 0.120510 0.227314
0 0.780417 0.224169 0.117034 0.119497
0 0.841251 0.362534 0.241020 0.159030
0 0.844728 0.543576 0.245655 0.201258
0 0.847045 0.710243 0.250290 0.128482
0 0.844148 0.821204 0.251448 0.098832
0 0.844728 0.923630 0.254925 0.104223
0 0.659907 0.677448 0.117034 0.037736
0 0.662225 0.721473 0.121669 0.048518
0 0.659907 0.765499 0.117034 0.035939
0 0.660487 0.881851 0.115875 0.187781
0 0.544612 0.949686 0.115875 0.044924
0 0.301275 0.752471 0.113557 0.159030
0 0.302433 0.883648 0.118192 0.096137
0 0.301275 0.955975 0.113557 0.039533
0 0.122827 0.816262 0.236385 0.326146
0 0.123407 0.411950 0.237543 0.478886
0 0.057937 0.111860 0.115875 0.121294