0 0.791383 0.098346 0.120181 0.119485
0 0.497732 0.130515 0.233560 0.183824
0 0.319728 0.093750 0.115646 0.106618
0 0.911565 0.510110 0.122449 0.937500
0 0.794218 0.254596 0.119048 0.071691
0 0.794218 0.335478 0.119048 0.082721
0 0.735828 0.512868 0.229025 0.268382
0 0.735261 0.812500 0.230159 0.330882
0 0.502834 0.563879 0.234694 0.201287
0 0.502834 0.820312 0.234694 0.313419
0 0.327098 0.586857 0.119048 0.225184
0 0.208617 0.666820 0.115646 0.061581
0 0.265306 0.837776 0.231293 0.274816
0 0.090703 0.860294 0.120181 0.060662
0 0.092404 0.911305 0.123583 0.043199
0 0.089569 0.955882 0.120181 0.040441