0 0.198439 0.214221 0.118172 0.332428
0 0.076923 0.126812 0.124861 0.161232
0 0.263657 0.889040 0.235229 0.198370
0 0.562430 0.733696 0.357860 0.509058
0 0.860647 0.516304 0.251951 0.943841
0 0.676700 0.361413 0.120401 0.239130
0 0.557971 0.434783 0.114827 0.103261
0 0.322742 0.590127 0.119287 0.104167
0 0.325530 0.676178 0.124861 0.064312
0 0.325530 0.729167 0.122631 0.041667
0 0.325530 0.769022 0.122631 0.036232
0 0.083055 0.856884 0.123746 0.059783
0 0.085284 0.915308 0.119287 0.055254
0 0.085284 0.965580 0.119287 0.043478