0 0.091364 0.199293 0.131818 0.178092
0 0.744091 0.192933 0.388182 0.284099
0 0.806818 0.378445 0.257273 0.095406
0 0.805455 0.545230 0.261818 0.235336
0 0.803636 0.784452 0.258182 0.240283
0 0.800455 0.933216 0.260909 0.053004
0 0.609091 0.548763 0.127273 0.142049
0 0.610455 0.708127 0.131818 0.176678
0 0.605000 0.877739 0.126364 0.168198
0 0.285455 0.079859 0.525455 0.059364
0 0.090000 0.338869 0.130909 0.096820
0 0.087273 0.527208 0.130909 0.279859
0 0.086818 0.698233 0.137273 0.060777
0 0.149091 0.848763 0.269091 0.236042
0 0.409545 0.940283 0.251818 0.054417
0 0.476818 0.765018 0.130000 0.062898