0 0.438076 0.653563 0.116684 0.144144
0 0.906858 0.437346 0.118731 0.135954
0 0.906858 0.578624 0.114637 0.130221
0 0.904811 0.712940 0.118731 0.130221
0 0.847492 0.873874 0.239509 0.173628
0 0.786080 0.521704 0.112590 0.044226
0 0.788127 0.589681 0.114637 0.086814
0 0.788127 0.711302 0.120778 0.130221
0 0.669396 0.581081 0.110542 0.081081
0 0.669396 0.731368 0.114637 0.221130
0 0.674514 0.863636 0.118731 0.041769
0 0.670420 0.908272 0.114637 0.042588
0 0.674514 0.948812 0.118731 0.030303
0 0.087001 0.721130 0.120778 0.469287