0 0.542230 0.814756 0.111486 0.315287
0 0.541667 0.790340 0.114865 0.268577
0 0.311374 0.791401 0.115991 0.364119
0 0.310811 0.772293 0.117117 0.328025
0 0.889077 0.289809 0.115991 0.443737
0 0.890203 0.582803 0.115991 0.131635
0 0.891892 0.812102 0.119369 0.320594
0 0.715090 0.800425 0.234234 0.352442
0 0.078266 0.128450 0.115991 0.129512
0 0.308559 0.127389 0.117117 0.127389
0 0.425113 0.153397 0.115991 0.077495
0 0.540541 0.132166 0.119369 0.136943
0 0.657658 0.218684 0.117117 0.072187
0 0.770833 0.099788 0.115991 0.070064
0 0.541104 0.440021 0.115991 0.032909
0 0.076014 0.812633 0.125000 0.035032
0 0.195383 0.852972 0.115991 0.035032
0 0.309122 0.584395 0.115991 0.035032
0 0.543356 0.552548 0.113739 0.032909
0 0.426802 0.585987 0.117117 0.027601
0 0.657658 0.470807 0.114865 0.032909
0 0.772523 0.526008 0.119369 0.032909