0 0.807940 0.579096 0.251073 0.092817
0 0.807940 0.486683 0.248927 0.088781
0 0.186695 0.483051 0.246781 0.108959
0 0.496781 0.389831 0.124464 0.127522
0 0.495708 0.150121 0.879828 0.150121
0 0.811695 0.333737 0.254292 0.217111
0 0.812232 0.487490 0.253219 0.092010
0 0.808476 0.577078 0.254292 0.079096
0 0.808476 0.668684 0.258584 0.089588
0 0.805794 0.735270 0.259657 0.046812
0 0.805258 0.791364 0.256438 0.065375
0 0.806867 0.882567 0.257511 0.120258
0 0.184013 0.329298 0.241416 0.195319
0 0.183476 0.482647 0.244635 0.106538
0 0.182940 0.589992 0.250000 0.108152
0 0.181867 0.700161 0.252146 0.112187
0 0.181867 0.799435 0.252146 0.087974
0 0.180794 0.895480 0.256438 0.108959