0 0.431911 0.158238 0.347561 0.176183
0 0.782012 0.464111 0.116870 0.120718
0 0.904980 0.441680 0.120935 0.132953
0 0.904980 0.602365 0.120935 0.188418
0 0.902439 0.765090 0.117886 0.137031
0 0.906504 0.897635 0.117886 0.132953
0 0.785061 0.793638 0.116870 0.094617
0 0.784045 0.873165 0.116870 0.048124
0 0.785061 0.930669 0.120935 0.070147
0 0.668191 0.897635 0.116870 0.139478
0 0.198679 0.751631 0.350610 0.416803
0 0.077744 0.451468 0.116870 0.188418
0 0.081301 0.312806 0.119919 0.092170
0 0.899898 0.297308 0.108740 0.159054