0 0.198925 0.483845 0.247312 0.090468
0 0.820968 0.487076 0.250538 0.092084
0 0.820430 0.658724 0.251613 0.086430
0 0.195699 0.642165 0.249462 0.043619
0 0.820430 0.574717 0.251613 0.081583
0 0.196774 0.572698 0.247312 0.085622
0 0.819355 0.397415 0.249462 0.084006
0 0.384409 0.246769 0.125806 0.128433
0 0.633333 0.252019 0.126882 0.127625
0 0.632258 0.126414 0.129032 0.126817
0 0.382796 0.123183 0.126882 0.115509
0 0.196774 0.254443 0.251613 0.373183
0 0.196774 0.486268 0.251613 0.093700
0 0.196774 0.574717 0.251613 0.086430
0 0.196774 0.646204 0.251613 0.050081
0 0.193011 0.712439 0.250538 0.085622
0 0.195161 0.808562 0.248387 0.106624
0 0.194624 0.904685 0.247312 0.082391
0 0.819355 0.211228 0.255914 0.291599
0 0.817742 0.399435 0.248387 0.083199
0 0.818280 0.487884 0.251613 0.093700
0 0.819892 0.575929 0.252688 0.084006
0 0.822043 0.662763 0.252688 0.091276
0 0.818280 0.768174 0.251613 0.122779
0 0.819892 0.886107 0.248387 0.106624
0 0.385484 0.125606 0.123656 0.115509
0 0.381720 0.246365 0.120430 0.132472
0 0.633871 0.128029 0.123656 0.123586
0 0.636022 0.251616 0.127957 0.123586