0 0.507784 0.701404 0.118132 0.120000
0 0.268315 0.948421 0.119048 0.047018
0 0.445513 0.175088 0.237179 0.204211
0 0.744505 0.164912 0.358974 0.189474
0 0.808608 0.351930 0.236264 0.176140
0 0.808608 0.549474 0.243590 0.213333
0 0.808608 0.743158 0.243590 0.169825
0 0.805861 0.901053 0.247253 0.144561
0 0.623168 0.888421 0.116300 0.172632
0 0.505952 0.807018 0.121795 0.335439
0 0.384158 0.958596 0.112637 0.032281
0 0.630495 0.518246 0.121795 0.152281
0 0.442766 0.406316 0.229853 0.252632
0 0.447344 0.586316 0.239011 0.107368