0 0.103243 0.542328 0.132973 0.144621
0 0.374595 0.197531 0.132973 0.243386
0 0.369730 0.380511 0.127568 0.120811
0 0.368108 0.466490 0.128649 0.054674
0 0.369189 0.537478 0.132973 0.085538
0 0.369730 0.603175 0.129730 0.045855
0 0.638919 0.186949 0.127568 0.209877
0 0.503784 0.593034 0.131892 0.087302
0 0.501081 0.682981 0.128649 0.082011
0 0.500541 0.746032 0.131892 0.045855
0 0.500000 0.798501 0.128649 0.046737
0 0.501622 0.862875 0.136216 0.082011
0 0.500541 0.929453 0.131892 0.044092
0 0.634054 0.624339 0.130811 0.045855
0 0.635676 0.671958 0.131892 0.051146
0 0.634054 0.720018 0.132973 0.046737
0 0.629730 0.786155 0.124324 0.087302
0 0.632432 0.876984 0.134054 0.092593
0 0.631351 0.944444 0.136216 0.040564
0 0.770811 0.404321 0.131892 0.052028
0 0.769189 0.455026 0.132973 0.049383
0 0.767568 0.527337 0.134054 0.088183
0 0.765405 0.764109 0.129730 0.387125