0 0.682692 0.438448 0.271635 0.414808
0 0.343149 0.162801 0.128606 0.245317
0 0.074519 0.228814 0.120192 0.184657
0 0.881611 0.499554 0.135817 0.908118
0 0.680889 0.592328 0.270433 0.726137
0 0.412861 0.418822 0.268029 0.138269
0 0.413462 0.567797 0.271635 0.159679
0 0.410457 0.803747 0.270433 0.312221
0 0.209736 0.632917 0.133413 0.041927
0 0.210337 0.673506 0.134615 0.037467
0 0.210337 0.729260 0.134615 0.072257
0 0.209736 0.799732 0.133413 0.065120
0 0.209135 0.897413 0.132212 0.128457
0 0.076923 0.790812 0.132212 0.086530
0 0.075721 0.899197 0.122596 0.132025