0 0.487083 0.174107 0.343380 0.219968
0 0.180840 0.115260 0.247578 0.092532
0 0.178149 0.209010 0.242196 0.091721
0 0.179225 0.294237 0.246502 0.078734
0 0.180840 0.392451 0.249731 0.122565
0 0.805167 0.270698 0.251884 0.413149
0 0.868138 0.603084 0.130248 0.250000
0 0.867061 0.777597 0.128095 0.094156
0 0.868138 0.862419 0.130248 0.073864
0 0.115178 0.495942 0.120560 0.081169
0 0.115716 0.565747 0.123789 0.058442
0 0.115716 0.622971 0.125942 0.057630
0 0.114639 0.674919 0.130248 0.051136
0 0.112487 0.727273 0.128095 0.053571
0 0.115716 0.810877 0.125942 0.112013