0 0.430845 0.574513 0.141983 0.176969
0 0.222766 0.117273 0.291310 0.095682
0 0.790086 0.195174 0.282742 0.248095
0 0.865361 0.373412 0.144431 0.108383
0 0.864137 0.479678 0.149327 0.102456
0 0.867809 0.630821 0.156671 0.196444
0 0.870257 0.850550 0.166463 0.236240
0 0.645043 0.916596 0.281518 0.105843
0 0.716646 0.741744 0.133415 0.235394
0 0.718482 0.464860 0.144431 0.157494
0 0.722154 0.353937 0.144431 0.066046
0 0.214810 0.805250 0.287638 0.320068
0 0.293146 0.220152 0.140759 0.101609
0 0.292534 0.325572 0.146879 0.107536