0 0.599168 0.217972 0.147018 0.148387
0 0.821775 0.099539 0.306519 0.095853
0 0.822469 0.438249 0.296810 0.576037
0 0.819001 0.837327 0.300971 0.222120
0 0.594313 0.216590 0.148405 0.143779
0 0.596394 0.336406 0.149792 0.095853
0 0.596394 0.430415 0.149792 0.090323
0 0.592926 0.522120 0.151179 0.087558
0 0.447295 0.419355 0.148405 0.051613
0 0.444521 0.490323 0.142857 0.092166
0 0.445908 0.576037 0.148405 0.077419
0 0.596394 0.593088 0.149792 0.048848
0 0.518031 0.689862 0.300971 0.150230
0 0.514563 0.857604 0.302358 0.179724