0 0.415152 0.145544 0.062626 0.060507
0 0.439899 0.877351 0.120202 0.073590
0 0.440404 0.937449 0.119192 0.044971
0 0.907576 0.108749 0.118182 0.139002
0 0.735859 0.573181 0.473737 0.788226
0 0.790909 0.123876 0.117172 0.112020
0 0.089899 0.268602 0.117172 0.187244
0 0.087879 0.428046 0.111111 0.108749
0 0.207071 0.503271 0.119192 0.141455
0 0.208081 0.620605 0.111111 0.089943
0 0.087879 0.528618 0.111111 0.087490
0 0.090909 0.616517 0.119192 0.089943
0 0.090404 0.708095 0.112121 0.089943
0 0.208081 0.709321 0.115152 0.092396
0 0.148990 0.802535 0.229293 0.092396
0 0.148990 0.903516 0.229293 0.109567