0 0.512250 0.413925 0.396552 0.237184
0 0.510436 0.179036 0.392922 0.232594
0 0.173775 0.205432 0.274955 0.285386
0 0.114791 0.439939 0.137024 0.188217
0 0.112069 0.565034 0.133394 0.055853
0 0.246824 0.564652 0.141561 0.061209
0 0.248185 0.609028 0.131579 0.026014
0 0.117514 0.607498 0.133394 0.033665
0 0.182396 0.791507 0.266788 0.337414
0 0.844374 0.238332 0.269510 0.360367
0 0.845735 0.488141 0.266788 0.142311
0 0.845281 0.734124 0.269510 0.343535
0 0.912432 0.936496 0.135209 0.067330
0 0.775862 0.937261 0.125227 0.059679
0 0.644737 0.767406 0.135209 0.180566
0 0.643829 0.910865 0.131579 0.098699