0 0.254819 0.145478 0.446988 0.178328
0 0.703614 0.186433 0.440964 0.250000
0 0.702410 0.372867 0.448193 0.119454
0 0.848795 0.564420 0.150602 0.263652
0 0.848795 0.831911 0.155422 0.271331
0 0.625301 0.530290 0.293976 0.197099
0 0.625301 0.726109 0.293976 0.189420
0 0.625301 0.895478 0.293976 0.147611
0 0.254819 0.305034 0.444578 0.147611
0 0.254819 0.459044 0.446988 0.158703
0 0.332530 0.620734 0.291566 0.161263
0 0.333133 0.769198 0.290361 0.135666
0 0.334940 0.903157 0.296386 0.132253
0 0.110843 0.651024 0.151807 0.225256
0 0.113855 0.868601 0.150602 0.209898