0 0.555388 0.188937 0.144008 0.227011
0 0.776435 0.234555 0.290030 0.313937
0 0.778449 0.532328 0.294058 0.277299
0 0.775428 0.756466 0.296073 0.145115
0 0.410373 0.276940 0.139980 0.056753
0 0.777946 0.887572 0.297080 0.117098
0 0.117825 0.679239 0.143001 0.062500
0 0.119335 0.747486 0.144008 0.062500
0 0.117825 0.809986 0.143001 0.065374
0 0.117321 0.885417 0.148036 0.082615
0 0.263343 0.855963 0.144008 0.181753
0 0.558912 0.192888 0.143001 0.220546
0 0.554381 0.337284 0.146022 0.071121
0 0.553374 0.407687 0.148036 0.069684
0 0.556395 0.482399 0.150050 0.078305
0 0.557905 0.556394 0.153072 0.069684
0 0.117321 0.285920 0.141994 0.146552
0 0.117825 0.394756 0.143001 0.071121
0 0.119335 0.464440 0.144008 0.065374
0 0.119335 0.536279 0.144008 0.078305
0 0.119335 0.611710 0.144008 0.071121