0 0.332558 0.131750 0.116279 0.168529
0 0.921512 0.514898 0.117442 0.905028
0 0.799419 0.204842 0.112791 0.145251
0 0.682558 0.224395 0.118605 0.104283
0 0.684302 0.393855 0.347674 0.238361
0 0.683140 0.741155 0.352326 0.456238
0 0.388372 0.468343 0.230233 0.253259
0 0.390116 0.665736 0.233721 0.139665
0 0.391279 0.851955 0.236047 0.238361
0 0.215116 0.472533 0.113953 0.094041
0 0.095930 0.489758 0.115116 0.061453
0 0.155233 0.539106 0.236047 0.031657
0 0.096512 0.586127 0.118605 0.056797
0 0.213372 0.581471 0.119767 0.038175
0 0.095930 0.650372 0.112791 0.066108
0 0.095930 0.717877 0.108140 0.065177
0 0.211047 0.676909 0.108140 0.152700
0 0.155233 0.809590 0.229070 0.114525
0 0.156395 0.920857 0.233721 0.106145