0 0.881688 0.487448 0.134364 0.215063
0 0.527943 0.132636 0.290131 0.138075
0 0.740785 0.115900 0.147444 0.049372
0 0.886445 0.116736 0.141498 0.047699
0 0.741379 0.166946 0.148633 0.049372
0 0.887634 0.179079 0.143876 0.070293
0 0.741379 0.215481 0.141498 0.047699
0 0.887039 0.250628 0.140309 0.074477
0 0.740785 0.265272 0.147444 0.048536
0 0.738407 0.309205 0.145065 0.044351
0 0.741379 0.357741 0.148633 0.047699
0 0.741974 0.406695 0.145065 0.048536
0 0.884067 0.335146 0.139120 0.094561
0 0.742568 0.510042 0.143876 0.158159
0 0.814507 0.771967 0.287753 0.358996