0 0.519265 0.327404 0.382616 0.386034
0 0.179659 0.194664 0.269713 0.142951
0 0.182348 0.315217 0.271505 0.096838
0 0.177867 0.432148 0.271505 0.140975
0 0.179659 0.529644 0.269713 0.055336
0 0.173835 0.623847 0.270609 0.133070
0 0.172491 0.776350 0.267921 0.169302
0 0.173387 0.908762 0.269713 0.094203
0 0.856183 0.179183 0.266129 0.097497
0 0.854391 0.296113 0.266129 0.141634
0 0.854391 0.416996 0.269713 0.101449
0 0.852599 0.515152 0.269713 0.094862
0 0.849014 0.630764 0.267921 0.136364
0 0.845430 0.833333 0.267921 0.266140
0 0.512993 0.748024 0.405914 0.156126
0 0.508961 0.893939 0.401434 0.138340
0 0.516577 0.399868 0.400538 0.542819