0 0.495203 0.289431 0.124733 0.261789
0 0.807036 0.089431 0.255864 0.048780
0 0.807036 0.140650 0.249467 0.045528
0 0.804904 0.388618 0.245203 0.450407
0 0.802772 0.639431 0.247335 0.051220
0 0.801706 0.691870 0.247335 0.050407
0 0.743070 0.743902 0.125800 0.052033
0 0.868870 0.767073 0.121535 0.098374
0 0.740405 0.836585 0.122601 0.134959
0 0.867804 0.883333 0.127932 0.132520
0 0.184435 0.088618 0.249467 0.047154
0 0.183369 0.326016 0.247335 0.427642
0 0.183369 0.590244 0.243070 0.087805
0 0.183369 0.676016 0.243070 0.083740
0 0.183902 0.766667 0.246269 0.095935
0 0.121535 0.843902 0.123667 0.055285
0 0.125800 0.909350 0.127932 0.073984
0 0.250000 0.861789 0.126866 0.091057