0 0.489933 0.184743 0.232662 0.257353
0 0.668345 0.438879 0.115213 0.067096
0 0.672819 0.539062 0.119687 0.125919
0 0.554810 0.657169 0.111857 0.047794
0 0.672260 0.642923 0.114094 0.078125
0 0.673937 0.745864 0.117450 0.127757
0 0.558166 0.746783 0.111857 0.131434
0 0.445749 0.936121 0.117450 0.072610
0 0.617450 0.889246 0.225951 0.153493
0 0.841723 0.215074 0.231544 0.360294
0 0.845078 0.482077 0.233781 0.162684
0 0.843960 0.615349 0.233781 0.103860
0 0.849553 0.721507 0.231544 0.101103
0 0.849553 0.873162 0.236018 0.200368