0 0.511339 0.160469 0.383369 0.198060
0 0.632829 0.349636 0.127430 0.177041
0 0.383369 0.351657 0.129590 0.182700
0 0.195464 0.198464 0.252700 0.269200
0 0.196544 0.396524 0.250540 0.135004
0 0.194924 0.518593 0.247300 0.110752
0 0.196544 0.603880 0.250540 0.063056
0 0.195464 0.677850 0.250540 0.084883
0 0.195464 0.774859 0.246220 0.110752
0 0.196544 0.886015 0.250540 0.108327
0 0.819654 0.183913 0.248380 0.248181
0 0.821814 0.354891 0.250540 0.088925
0 0.822894 0.462409 0.248380 0.126112
0 0.761339 0.548909 0.125270 0.043654
0 0.882829 0.550930 0.122030 0.049313
0 0.826134 0.644301 0.250540 0.140663
0 0.822894 0.749394 0.248380 0.064673
0 0.822354 0.816087 0.251620 0.068715
0 0.823434 0.892482 0.253780 0.080841