0 0.326396 0.310513 0.116751 0.153219
0 0.442132 0.130399 0.120812 0.169519
0 0.092893 0.463733 0.116751 0.132029
0 0.091878 0.598207 0.114721 0.133659
0 0.091371 0.734311 0.119797 0.136919
0 0.094416 0.837001 0.119797 0.065200
0 0.211168 0.781989 0.115736 0.176854
0 0.151777 0.914833 0.238579 0.090465
0 0.853299 0.366341 0.230457 0.059495
0 0.855330 0.487775 0.234518 0.181744
0 0.857360 0.668297 0.230457 0.174409
0 0.857360 0.791361 0.230457 0.068460
0 0.855838 0.850856 0.233503 0.044010
0 0.856853 0.918500 0.235533 0.086390
0 0.681218 0.546455 0.119797 0.043195
0 0.678173 0.642217 0.119797 0.149959
0 0.682234 0.841891 0.119797 0.246129
0 0.559898 0.643847 0.116751 0.135289