0 0.594196 0.209780 0.147658 0.181432
0 0.813646 0.220765 0.293279 0.281361
0 0.814664 0.436215 0.299389 0.148122
0 0.814664 0.628632 0.299389 0.239546
0 0.813646 0.809001 0.295316 0.118356
0 0.739308 0.904323 0.144603 0.073707
0 0.888493 0.904323 0.151731 0.073707
0 0.446538 0.115167 0.141548 0.065911
0 0.147658 0.526223 0.144603 0.058824
0 0.150204 0.586109 0.141548 0.063785
0 0.150713 0.648831 0.144603 0.060241
0 0.151222 0.718639 0.147658 0.080794
0 0.151222 0.846208 0.147658 0.178597
0 0.295316 0.846208 0.144603 0.177179