0 0.530128 0.261788 0.129487 0.399804
0 0.932051 0.385069 0.120513 0.076621
0 0.123718 0.746562 0.134615 0.037328
0 0.124359 0.786346 0.138462 0.042240
0 0.124359 0.833006 0.135897 0.049116
0 0.124359 0.887525 0.135897 0.054028
0 0.123077 0.940079 0.138462 0.051081
0 0.260256 0.815324 0.135897 0.082515
0 0.258333 0.885560 0.134615 0.055992
0 0.257051 0.940570 0.132051 0.052063
0 0.395513 0.767682 0.129487 0.036346
0 0.395513 0.798134 0.129487 0.034381
0 0.393590 0.840864 0.133333 0.055010
0 0.394231 0.899312 0.132051 0.063851
0 0.392949 0.946955 0.134615 0.033399
0 0.529487 0.811886 0.141026 0.048134
0 0.666026 0.811886 0.132051 0.112967
0 0.862179 0.746071 0.250000 0.150295
0 0.860256 0.897839 0.256410 0.147348
0 0.665385 0.918959 0.130769 0.101179