0 0.519681 0.170937 0.369149 0.208967
0 0.208511 0.220977 0.242553 0.307446
0 0.205319 0.423139 0.244681 0.098479
0 0.203191 0.538431 0.240426 0.127302
0 0.203191 0.650520 0.240426 0.098479
0 0.198936 0.749800 0.246809 0.096878
0 0.197340 0.846677 0.250000 0.104884
0 0.195213 0.917934 0.250000 0.039231
0 0.827128 0.213371 0.245745 0.290633
0 0.825532 0.382306 0.242553 0.053643
0 0.827128 0.470777 0.247872 0.123299
0 0.763830 0.552842 0.121277 0.039231
0 0.884043 0.556045 0.131915 0.045637
0 0.822340 0.644115 0.251064 0.127302
0 0.820745 0.757806 0.247872 0.090472
0 0.819149 0.835468 0.246809 0.068054
0 0.819681 0.902322 0.250000 0.065653