0 0.781640 0.229491 0.133690 0.337341
0 0.586453 0.110679 0.258467 0.095474
0 0.587344 0.111386 0.262032 0.094059
0 0.905080 0.062588 0.127451 0.053041
0 0.905080 0.111033 0.123886 0.045262
0 0.907754 0.155587 0.129234 0.046676
0 0.906863 0.203324 0.129234 0.045969
0 0.906863 0.250354 0.132799 0.048091
0 0.904189 0.298798 0.132799 0.048798
0 0.907754 0.349010 0.129234 0.051627
0 0.908200 0.398868 0.126560 0.046676
0 0.909091 0.447313 0.130125 0.048798
0 0.907308 0.495050 0.130125 0.046676
0 0.907754 0.544554 0.132799 0.049505
0 0.907308 0.596535 0.130125 0.045969
0 0.907754 0.640736 0.129234 0.045262
0 0.907754 0.686704 0.129234 0.043847
0 0.906863 0.736209 0.127451 0.052334
0 0.904189 0.857143 0.120321 0.183876
0 0.709447 0.903112 0.254902 0.101839
0 0.648396 0.823550 0.127451 0.050212