0 0.232274 0.353091 0.391198 0.418290
0 0.484108 0.102032 0.889976 0.083827
0 0.610636 0.229043 0.128362 0.170195
0 0.613081 0.333192 0.121027 0.043184
0 0.610636 0.446655 0.123472 0.187130
0 0.863692 0.168925 0.125917 0.043184
0 0.862469 0.271804 0.128362 0.164268
0 0.736553 0.424640 0.121027 0.232854
0 0.862469 0.440305 0.121027 0.176122
0 0.672372 0.625318 0.251834 0.173582
0 0.665037 0.840390 0.239609 0.258256
0 0.487164 0.779424 0.121027 0.095682
0 0.484719 0.900085 0.121027 0.143946
0 0.177262 0.857324 0.244499 0.215919
0 0.863692 0.611770 0.123472 0.166808
0 0.862469 0.833616 0.128362 0.280271