0 0.398102 0.375159 0.272727 0.240764
0 0.126873 0.090446 0.251748 0.145223
0 0.131868 0.252229 0.257742 0.182166
0 0.131868 0.436624 0.253746 0.182803
0 0.131868 0.620382 0.253746 0.182166
0 0.130869 0.761465 0.255744 0.092357
0 0.127872 0.867834 0.249750 0.122930
0 0.132867 0.958599 0.255744 0.057325
0 0.802198 0.158280 0.263736 0.265605
0 0.804196 0.385669 0.267732 0.186624
0 0.807692 0.568153 0.272727 0.182166
0 0.808691 0.729618 0.274725 0.143312
0 0.807692 0.850955 0.272727 0.100637
0 0.467033 0.935350 0.126873 0.105096
0 0.604396 0.882803 0.141858 0.203822
0 0.871628 0.943631 0.138861 0.075796
0 0.739261 0.942357 0.133866 0.077070
0 0.323676 0.087898 0.143856 0.133758
0 0.467532 0.544904 0.139860 0.033758
0 0.601399 0.511783 0.131868 0.024841
0 0.601399 0.264968 0.135864 0.019108
0 0.599401 0.743631 0.135864 0.071975