0 0.254751 0.137044 0.233967 0.148737
0 0.253563 0.136109 0.233967 0.148737
0 0.557007 0.208606 0.116390 0.082320
0 0.555226 0.290926 0.115202 0.080449
0 0.798100 0.207203 0.356295 0.317119
0 0.254157 0.388681 0.239905 0.090739
0 0.251781 0.590739 0.237530 0.317119
0 0.250000 0.861553 0.233967 0.230122
0 0.492280 0.656688 0.241093 0.651076
0 0.735154 0.449018 0.239905 0.164640
0 0.671021 0.627222 0.109264 0.195510
0 0.915083 0.640318 0.112827 0.558466
0 0.788005 0.757717 0.129454 0.450889
0 0.669240 0.909729 0.105701 0.139383
0 0.672209 0.782507 0.109264 0.111319
0 0.913302 0.949018 0.118765 0.053321