0 0.586002 0.274457 0.272835 0.418478
0 0.523725 0.919837 0.131673 0.136775
0 0.657770 0.759964 0.129300 0.119565
0 0.655991 0.904891 0.128114 0.170290
0 0.924081 0.389493 0.132859 0.211957
0 0.786477 0.447464 0.128114 0.038043
0 0.790629 0.488225 0.134045 0.041667
0 0.781139 0.528986 0.138790 0.045290
0 0.855279 0.830163 0.265718 0.319746
0 0.924081 0.550725 0.132859 0.099638
0 0.924674 0.635417 0.138790 0.064312
0 0.786477 0.573370 0.132859 0.036232
0 0.791222 0.610960 0.137604 0.037138
0 0.790629 0.649004 0.136418 0.037138