0 0.620521 0.868528 0.129207 0.114078
0 0.619978 0.747168 0.130293 0.127023
0 0.621607 0.605178 0.127036 0.153722
0 0.620521 0.361246 0.131379 0.170712
0 0.618893 0.204693 0.132465 0.137540
0 0.814332 0.363269 0.251900 0.069579
0 0.614007 0.098706 0.129207 0.074434
0 0.806732 0.195388 0.254072 0.267799
0 0.616721 0.205906 0.132465 0.141586
0 0.618350 0.360437 0.129207 0.172330
0 0.810532 0.364078 0.255157 0.076052
0 0.809989 0.453479 0.254072 0.104369
0 0.618350 0.489482 0.129207 0.082524
0 0.621064 0.606796 0.128122 0.152104
0 0.621064 0.748382 0.128122 0.129450
0 0.809989 0.555421 0.249729 0.093042
0 0.809989 0.660599 0.249729 0.110841
0 0.811618 0.744337 0.250814 0.050162
0 0.808360 0.798544 0.252986 0.058252
0 0.808903 0.883091 0.258415 0.109223
0 0.619435 0.877832 0.131379 0.131068