0 0.655636 0.807755 0.115822 0.173878
0 0.534643 0.782857 0.113754 0.135510
0 0.655636 0.139184 0.115822 0.162449
0 0.415719 0.144898 0.113754 0.152653
0 0.297828 0.144898 0.111686 0.151020
0 0.180455 0.142857 0.108583 0.153469
0 0.415202 0.803673 0.114788 0.177143
0 0.295243 0.818367 0.120993 0.026939
0 0.058945 0.560000 0.111686 0.235102
0 0.115822 0.766531 0.231644 0.174694
0 0.115305 0.902041 0.230610 0.089796
0 0.893485 0.374286 0.115822 0.074286
0 0.894519 0.504082 0.122027 0.180408
0 0.896070 0.686939 0.120993 0.180408
0 0.894519 0.868980 0.122027 0.177143
0 0.775078 0.885306 0.118925 0.131429