0 0.769438 0.812146 0.130670 0.119838
0 0.769438 0.690283 0.128510 0.128745
0 0.713283 0.463563 0.253780 0.091498
0 0.772138 0.565587 0.131749 0.117409
0 0.458963 0.200000 0.254860 0.260729
0 0.771058 0.242510 0.375810 0.350607
0 0.709503 0.463563 0.252700 0.089879
0 0.896868 0.543320 0.122030 0.252632
0 0.772138 0.566397 0.129590 0.120648
0 0.768359 0.687854 0.122030 0.127126
0 0.771058 0.810526 0.120950 0.118219
0 0.899568 0.718219 0.123110 0.095547
0 0.894708 0.820648 0.132829 0.107692
0 0.897948 0.912955 0.132829 0.075304
0 0.146868 0.200405 0.120950 0.015385
0 0.145248 0.272470 0.117711 0.012146
0 0.145788 0.416599 0.123110 0.015385
0 0.146328 0.784615 0.113391 0.014575
0 0.271598 0.457490 0.115551 0.012955
0 0.274838 0.335223 0.117711 0.016194
0 0.272138 0.723482 0.118790 0.010526
0 0.397408 0.337652 0.118790 0.012955
0 0.643629 0.737652 0.127430 0.014575
0 0.519438 0.890283 0.125270 0.015385
0 0.646328 0.513765 0.117711 0.015385
0 0.644708 0.781377 0.118790 0.014575
0 0.643629 0.846964 0.120950 0.016194