0 0.193133 0.931174 0.251073 0.048583
0 0.193133 0.861538 0.248927 0.085830
0 0.194742 0.776113 0.250000 0.081781
0 0.819206 0.745344 0.252146 0.081781
0 0.819206 0.664777 0.247854 0.077733
0 0.631438 0.485425 0.127682 0.127126
0 0.196888 0.532794 0.243562 0.195951
0 0.631438 0.607692 0.127682 0.120648
0 0.382511 0.607287 0.127682 0.124696
0 0.823498 0.587045 0.254292 0.082591
0 0.823498 0.500405 0.256438 0.087449
0 0.825107 0.416194 0.255365 0.080972
0 0.385730 0.484615 0.123391 0.125506
0 0.820815 0.326721 0.246781 0.094737
0 0.825107 0.118623 0.259657 0.086640
0 0.200107 0.253846 0.250000 0.358704
0 0.511803 0.248988 0.373391 0.345749
0 0.199034 0.251822 0.250000 0.349798
0 0.198498 0.532389 0.253219 0.204858
0 0.194206 0.685020 0.246781 0.100405
0 0.193670 0.775304 0.247854 0.078543
0 0.193670 0.859109 0.252146 0.089069
0 0.190451 0.931984 0.247854 0.053441
0 0.384120 0.481781 0.124464 0.126316
0 0.382511 0.607692 0.125536 0.123887
0 0.820279 0.118219 0.245708 0.087449
0 0.824571 0.223482 0.252146 0.126316
0 0.822425 0.330769 0.247854 0.086640
0 0.820815 0.412955 0.253219 0.089069
0 0.823498 0.500000 0.254292 0.086640
0 0.818670 0.587045 0.253219 0.080972
0 0.823498 0.663968 0.254292 0.076113
0 0.820815 0.746559 0.257511 0.084211
0 0.818133 0.824291 0.262876 0.077733
0 0.820815 0.909312 0.266094 0.085830
0 0.635193 0.485020 0.126609 0.129555
0 0.631974 0.606073 0.124464 0.115789