0 0.368852 0.133980 0.247830 0.217672
0 0.244455 0.634339 0.243973 0.324713
0 0.740116 0.096624 0.249759 0.130029
0 0.923819 0.075072 0.119576 0.069684
0 0.921408 0.139727 0.114754 0.055316
0 0.742527 0.192888 0.243009 0.062500
0 0.740598 0.304957 0.246866 0.161638
0 0.921408 0.201868 0.116683 0.074713
0 0.923819 0.278376 0.119576 0.076868
0 0.919961 0.350575 0.119576 0.068966
0 0.863549 0.506466 0.243973 0.224138
0 0.863549 0.688218 0.243973 0.133621
0 0.676953 0.492457 0.123433 0.201868
0 0.676953 0.632184 0.129219 0.081897
0 0.676471 0.710489 0.132112 0.067529
0 0.430569 0.340158 0.116683 0.062500
0 0.554484 0.379670 0.113790 0.137213
0 0.432980 0.446480 0.119576 0.150144
0 0.551109 0.519397 0.108968 0.139368
0 0.430569 0.588003 0.116683 0.128592
0 0.553520 0.622486 0.125362 0.071121
0 0.492768 0.709052 0.246866 0.106322
0 0.491321 0.875718 0.249759 0.224138
0 0.247348 0.892960 0.249759 0.191092
0 0.866924 0.867457 0.252652 0.227730
0 0.677435 0.865661 0.126326 0.244253