0 0.307420 0.079256 0.115430 0.095890
0 0.310954 0.225049 0.122497 0.387476
0 0.313310 0.340998 0.122497 0.089041
0 0.309776 0.252446 0.122497 0.090020
0 0.310365 0.167808 0.121319 0.090998
0 0.079505 0.652153 0.116608 0.096869
0 0.197880 0.679061 0.117786 0.050881
0 0.315077 0.588063 0.121319 0.052838
0 0.314488 0.660470 0.117786 0.084149
0 0.435218 0.548924 0.121319 0.295499
0 0.847468 0.514188 0.250883 0.954012
0 0.603651 0.369863 0.234393 0.148728
0 0.664311 0.218200 0.117786 0.156556
0 0.603651 0.718689 0.234393 0.543053
0 0.376914 0.850783 0.240283 0.292564
0 0.137809 0.845890 0.226148 0.288650
0 0.071260 0.139432 0.123675 0.100783