0 0.521421 0.164919 0.391206 0.187903
0 0.648816 0.616935 0.131905 0.169355
0 0.524803 0.166935 0.382187 0.179032
0 0.191094 0.226210 0.258174 0.313710
0 0.191094 0.433065 0.258174 0.103226
0 0.187711 0.570968 0.255919 0.170968
0 0.184893 0.724597 0.261556 0.126613
0 0.183766 0.827823 0.259301 0.075000
0 0.180383 0.908468 0.261556 0.083065
0 0.847238 0.229435 0.255919 0.312097
0 0.848365 0.476210 0.253664 0.126613
0 0.780722 0.563306 0.127396 0.047581
0 0.910372 0.563306 0.125141 0.047581
0 0.843856 0.658468 0.258174 0.141129
0 0.841037 0.758871 0.259301 0.067742
0 0.841601 0.826613 0.264938 0.067742
0 0.839910 0.906452 0.270575 0.085484
0 0.386697 0.287097 0.133033 0.056452
0 0.651635 0.286290 0.130778 0.056452