0 0.505882 0.614952 0.130481 0.223473
0 0.512834 0.176045 0.375401 0.212219
0 0.202674 0.137460 0.253476 0.123794
0 0.200535 0.253215 0.251337 0.104502
0 0.200535 0.357315 0.251337 0.103698
0 0.200535 0.473875 0.244920 0.131029
0 0.198396 0.589630 0.244920 0.103698
0 0.195187 0.694132 0.244920 0.106913
0 0.195187 0.796222 0.247059 0.089228
0 0.193048 0.892685 0.247059 0.098875
0 0.820856 0.198955 0.244920 0.246785
0 0.820856 0.370579 0.244920 0.083601
0 0.818717 0.476688 0.242781 0.122186
0 0.753476 0.562701 0.125134 0.048232
0 0.880749 0.564309 0.118717 0.046624
0 0.817647 0.655547 0.251337 0.134244
0 0.818717 0.766881 0.253476 0.086817
0 0.820321 0.843650 0.256684 0.069936
0 0.821390 0.911174 0.265241 0.065113