0 0.369020 0.892239 0.127843 0.067463
0 0.243137 0.629851 0.123922 0.084776
0 0.245490 0.341791 0.125490 0.096119
0 0.368235 0.165373 0.378824 0.245970
0 0.813725 0.156418 0.254902 0.228060
0 0.816863 0.433134 0.254902 0.326567
0 0.878431 0.629851 0.131765 0.056119
0 0.879216 0.679104 0.130196 0.040000
0 0.879216 0.721493 0.131765 0.043582
0 0.879216 0.770149 0.131765 0.052537
0 0.114902 0.546269 0.124706 0.050149
0 0.114902 0.601493 0.124706 0.057910
0 0.116471 0.655224 0.126275 0.053134
0 0.118431 0.708358 0.127059 0.045970
0 0.117255 0.758507 0.124706 0.057910
0 0.116471 0.809552 0.126275 0.046567
0 0.117255 0.855224 0.124706 0.044776
0 0.116471 0.911642 0.126275 0.071642
0 0.619608 0.905672 0.123922 0.011940
0 0.747451 0.772836 0.123922 0.012537