0 0.501768 0.830754 0.138815 0.270148
0 0.633068 0.193746 0.134394 0.297228
0 0.366932 0.429400 0.132626 0.051580
0 0.500884 0.439072 0.133510 0.073501
0 0.635721 0.385558 0.136163 0.083817
0 0.769231 0.364926 0.136163 0.081238
0 0.232980 0.745326 0.133510 0.054159
0 0.902741 0.307544 0.132626 0.078659
0 0.366048 0.763378 0.136163 0.038685
0 0.770999 0.580916 0.136163 0.041264
0 0.906720 0.637008 0.133510 0.036106
0 0.636605 0.621534 0.136163 0.025790
0 0.637047 0.688266 0.137047 0.036750
0 0.775420 0.704707 0.132626 0.033527
0 0.774536 0.824952 0.136163 0.034172
0 0.100354 0.878788 0.137047 0.162476
0 0.366490 0.915861 0.137047 0.097357
0 0.638373 0.890716 0.136163 0.145068