0 0.797414 0.541531 0.252155 0.226384
0 0.172414 0.528909 0.252155 0.236971
0 0.172414 0.109528 0.245690 0.095277
0 0.172414 0.205619 0.245690 0.085505
0 0.172414 0.288681 0.245690 0.075733
0 0.172953 0.372150 0.251078 0.083062
0 0.110453 0.683632 0.128233 0.077362
0 0.110453 0.752850 0.126078 0.057818
0 0.110453 0.810668 0.128233 0.056189
0 0.107220 0.862378 0.126078 0.053746
0 0.110453 0.916124 0.130388 0.048860
0 0.800108 0.083062 0.251078 0.048860
0 0.799569 0.131515 0.250000 0.046417
0 0.797414 0.293974 0.245690 0.278502
0 0.860453 0.692590 0.126078 0.072476
0 0.860453 0.786238 0.126078 0.114821
0 0.862069 0.893322 0.125000 0.097720