0 0.589255 0.127673 0.278342 0.075472
0 0.387902 0.173899 0.137902 0.157862
0 0.843909 0.125786 0.251269 0.145912
0 0.847293 0.241195 0.251269 0.084906
0 0.849831 0.343711 0.256345 0.113836
0 0.849831 0.431132 0.252961 0.062264
0 0.848985 0.509748 0.254653 0.092453
0 0.848139 0.599371 0.256345 0.086792
0 0.848985 0.677358 0.254653 0.067925
0 0.851523 0.745912 0.256345 0.072956
0 0.652707 0.573585 0.132826 0.222642
0 0.853215 0.805975 0.256345 0.050943
0 0.850677 0.864151 0.254653 0.070440
0 0.851523 0.933019 0.259729 0.068553
0 0.189086 0.904403 0.259729 0.118239
0 0.653553 0.846226 0.134518 0.250943