0 0.440432 0.348329 0.113508 0.317909
0 0.096154 0.377035 0.109756 0.291345
0 0.095216 0.546272 0.111632 0.045416
0 0.094747 0.592117 0.112570 0.042845
0 0.092871 0.634533 0.118199 0.045416
0 0.089587 0.679949 0.121013 0.045416
0 0.093340 0.730506 0.119137 0.050557
0 0.092871 0.781919 0.112570 0.047129
0 0.092871 0.864610 0.114447 0.121680
0 0.901032 0.104542 0.107880 0.087404
0 0.900563 0.191088 0.112570 0.089117
0 0.901501 0.299914 0.116323 0.130249
0 0.902908 0.389032 0.117261 0.046272
0 0.901501 0.432305 0.116323 0.038560
0 0.784709 0.529135 0.119137 0.213368
0 0.784709 0.709512 0.109756 0.042845
0 0.784240 0.837189 0.112570 0.209083
0 0.904784 0.646530 0.122889 0.050557
0 0.900563 0.535133 0.112570 0.165381
0 0.902439 0.694087 0.118199 0.041131
0 0.903377 0.733933 0.123827 0.043702
0 0.903377 0.801628 0.118199 0.088260
0 0.902439 0.898458 0.118199 0.101971