0 0.512432 0.161264 0.380541 0.191248
0 0.199459 0.200162 0.256216 0.262561
0 0.195676 0.397083 0.248649 0.123177
0 0.196757 0.525932 0.250811 0.134522
0 0.193514 0.645057 0.248649 0.095624
0 0.196216 0.751216 0.251892 0.110211
0 0.198919 0.835494 0.252973 0.056726
0 0.197838 0.903971 0.250811 0.080227
0 0.823784 0.188817 0.255135 0.249595
0 0.827027 0.361831 0.252973 0.091572
0 0.826486 0.468801 0.254054 0.125608
0 0.762162 0.558347 0.125405 0.045381
0 0.888108 0.558752 0.128649 0.047812
0 0.827027 0.651135 0.252973 0.138574
0 0.822703 0.832253 0.252973 0.218801