0 0.102220 0.285115 0.110083 0.116003
0 0.832100 0.265199 0.130435 0.410203
0 0.771970 0.618099 0.246994 0.105521
0 0.774283 0.713138 0.242368 0.083159
0 0.405180 0.168763 0.240518 0.206150
0 0.586031 0.185185 0.119334 0.241789
0 0.406105 0.314815 0.240518 0.083159
0 0.101758 0.285115 0.122109 0.117400
0 0.587419 0.329140 0.122109 0.047519
0 0.345513 0.451433 0.115634 0.164920
0 0.350601 0.722222 0.123959 0.246681
0 0.473636 0.796995 0.123959 0.162823
0 0.351064 0.863732 0.121184 0.034941
0 0.416744 0.924878 0.246994 0.087352
0 0.594820 0.936758 0.123959 0.051013
0 0.838575 0.782320 0.121184 0.053809
0 0.838575 0.857442 0.121184 0.090846
0 0.837650 0.932215 0.119334 0.057303