0 0.494612 0.178977 0.375000 0.218344
0 0.179957 0.136364 0.250000 0.047078
0 0.179957 0.182630 0.250000 0.045455
0 0.182651 0.386364 0.251078 0.362013
0 0.179957 0.610390 0.247845 0.084416
0 0.177802 0.706575 0.245690 0.096591
0 0.180496 0.799919 0.242457 0.077110
0 0.182112 0.893263 0.245690 0.104708
0 0.808190 0.133117 0.250000 0.042208
0 0.807112 0.178571 0.247845 0.050325
0 0.806573 0.386769 0.251078 0.362825
0 0.804957 0.589286 0.245690 0.045455
0 0.740302 0.648945 0.125000 0.068994
0 0.867996 0.834010 0.128233 0.125812