0 0.431265 0.850869 0.254258 0.222973
0 0.749392 0.355212 0.394161 0.561776
0 0.814477 0.721525 0.254258 0.176641
0 0.105839 0.187259 0.128954 0.222008
0 0.105839 0.350869 0.128954 0.107143
0 0.110706 0.422780 0.126521 0.050193
0 0.110706 0.472490 0.131387 0.053089
0 0.108273 0.523649 0.128954 0.049228
0 0.108273 0.570946 0.126521 0.053089
0 0.108273 0.618243 0.126521 0.041506
0 0.108273 0.663127 0.126521 0.046332
0 0.108273 0.714286 0.126521 0.048263
0 0.108273 0.763031 0.131387 0.049228
0 0.108273 0.817085 0.128954 0.053089
0 0.113139 0.892857 0.128954 0.096525
0 0.749392 0.838803 0.131387 0.055985