0 0.635875 0.353796 0.124597 0.168013
0 0.385607 0.360662 0.126745 0.180129
0 0.512889 0.169225 0.374866 0.197900
0 0.201396 0.201939 0.250269 0.260097
0 0.198174 0.395396 0.254565 0.123586
0 0.197100 0.501616 0.245972 0.085622
0 0.196026 0.593296 0.248120 0.099354
0 0.194952 0.685380 0.252417 0.086430
0 0.191729 0.780695 0.248120 0.107431
0 0.193878 0.890549 0.250269 0.109047
0 0.825994 0.191842 0.255639 0.241519
0 0.825994 0.336834 0.255639 0.048465
0 0.823845 0.385703 0.257787 0.054120
0 0.823845 0.474960 0.257787 0.119548
0 0.760473 0.557351 0.124597 0.048465
0 0.886681 0.560178 0.132116 0.054120
0 0.819012 0.655089 0.245972 0.137318
0 0.819012 0.761309 0.252417 0.067044
0 0.819549 0.827141 0.253491 0.069467
0 0.814715 0.905493 0.252417 0.084006