0 0.880817 0.716480 0.116809 0.153631
0 0.757360 0.713687 0.122507 0.153631
0 0.632004 0.714735 0.120608 0.151536
0 0.883191 0.557961 0.117759 0.157821
0 0.757835 0.556913 0.121557 0.155726
0 0.631054 0.555866 0.122507 0.156425
0 0.758784 0.174232 0.377968 0.212989
0 0.760684 0.380936 0.383666 0.193436
0 0.198006 0.208450 0.245964 0.280028
0 0.192308 0.460894 0.244065 0.215084
0 0.506648 0.885126 0.118708 0.034218
0 0.258310 0.831006 0.121557 0.053073
0 0.381766 0.901885 0.123457 0.059358
0 0.509497 0.933310 0.120608 0.059358
0 0.383191 0.945880 0.124406 0.030028