0 0.449033 0.873361 0.246046 0.220152
0 0.776362 0.584196 0.387522 0.235335
0 0.258787 0.673223 0.132689 0.228433
0 0.126977 0.358523 0.130931 0.268461
0 0.649385 0.109386 0.131810 0.181504
0 0.772408 0.846101 0.379613 0.262250
0 0.648946 0.317460 0.129174 0.218081
0 0.518453 0.187026 0.130053 0.234645
0 0.195079 0.114217 0.253076 0.192547
0 0.778120 0.584886 0.391037 0.239476
0 0.128735 0.653899 0.129174 0.236715
0 0.124780 0.468599 0.124780 0.046929
0 0.124341 0.511387 0.129174 0.038647
0 0.191125 0.840925 0.259227 0.100069
0 0.189807 0.940994 0.258348 0.098689
0 0.450791 0.871291 0.261863 0.235335
0 0.780756 0.850587 0.398067 0.282264
0 0.383568 0.706694 0.129174 0.092478