0 0.452174 0.299632 0.139130 0.426471
0 0.857143 0.122243 0.136646 0.053309
0 0.857143 0.171415 0.136646 0.046875
0 0.857143 0.225643 0.136646 0.052390
0 0.859006 0.279871 0.140373 0.054228
0 0.861491 0.346507 0.140373 0.053309
0 0.859006 0.399357 0.140373 0.045037
0 0.862112 0.450368 0.136646 0.051471
0 0.861491 0.500000 0.140373 0.051471
0 0.858385 0.552849 0.131677 0.054228
0 0.859006 0.608915 0.140373 0.056066
0 0.860870 0.661305 0.141615 0.048713
0 0.862112 0.711397 0.136646 0.051471
0 0.857143 0.766085 0.136646 0.054228
0 0.721118 0.880515 0.137888 0.051471
0 0.859006 0.818934 0.140373 0.053309
0 0.860248 0.875919 0.137888 0.053309
0 0.859006 0.931526 0.140373 0.052390