0 0.627557 0.114157 0.122713 0.128478
0 0.626480 0.238953 0.124865 0.117840
0 0.375135 0.236498 0.125942 0.114566
0 0.377826 0.112520 0.122713 0.128478
0 0.817546 0.115794 0.242196 0.128478
0 0.812164 0.251637 0.244349 0.139935
0 0.810011 0.355155 0.246502 0.068740
0 0.811625 0.423077 0.254037 0.068740
0 0.812702 0.501227 0.254037 0.089198
0 0.811625 0.583879 0.254037 0.076105
0 0.185145 0.516776 0.247578 0.099018
0 0.184069 0.613339 0.249731 0.090835
0 0.185145 0.700491 0.247578 0.076923
0 0.185684 0.781506 0.246502 0.078560
0 0.125404 0.854337 0.130248 0.063830
0 0.125942 0.912848 0.133477 0.054828
0 0.252422 0.845336 0.123789 0.052373
0 0.251884 0.907119 0.122713 0.069558
0 0.750807 0.659984 0.125942 0.081015
0 0.874596 0.677169 0.123789 0.113748
0 0.750807 0.737316 0.125942 0.072013
0 0.750807 0.798691 0.125942 0.049100
0 0.877826 0.789280 0.123789 0.105565
0 0.751884 0.880933 0.128095 0.113748
0 0.878902 0.890344 0.128095 0.096563
0 0.188913 0.074059 0.255113 0.049918
0 0.188375 0.121113 0.249731 0.049100
0 0.186222 0.306056 0.251884 0.319149
0 0.379978 0.112930 0.122713 0.126023
0 0.375673 0.234043 0.122713 0.117840
0 0.628095 0.114157 0.125942 0.130115
0 0.630248 0.239771 0.128095 0.122750