0 0.557562 0.867541 0.821670 0.190778
0 0.787810 0.093580 0.110609 0.064195
0 0.083521 0.877939 0.119639 0.086799
0 0.080135 0.131555 0.119639 0.154611
0 0.080135 0.227396 0.119639 0.038879
0 0.081264 0.261302 0.117381 0.028933
0 0.083521 0.443942 0.119639 0.086799
0 0.083521 0.514467 0.119639 0.045208
0 0.083521 0.603074 0.117381 0.135624
0 0.198081 0.099458 0.116253 0.084991
0 0.198081 0.188065 0.120767 0.088608
0 0.200339 0.341320 0.116253 0.056962
0 0.199774 0.429928 0.110609 0.031646
0 0.203160 0.480108 0.119639 0.068716
0 0.203160 0.729204 0.112867 0.060579
0 0.321670 0.743219 0.117381 0.050633
0 0.323363 0.557414 0.120767 0.066004
0 0.320542 0.609855 0.119639 0.044304
0 0.676637 0.511754 0.116253 0.057866