0 0.391266 0.867554 0.135472 0.229853
0 0.200980 0.206727 0.257576 0.386826
0 0.857843 0.192362 0.255793 0.353889
0 0.853387 0.424317 0.264706 0.096006
0 0.655080 0.420112 0.126560 0.136650
0 0.523173 0.420112 0.121212 0.139453
0 0.394831 0.420112 0.133690 0.142256
0 0.718360 0.691310 0.258467 0.098809
0 0.785205 0.857744 0.388592 0.227050
0 0.133244 0.486335 0.127451 0.176594
0 0.262478 0.490540 0.132799 0.180799
0 0.195187 0.603714 0.254902 0.056762
0 0.195187 0.808339 0.254902 0.353889
0 0.387255 0.690259 0.131016 0.120533
0 0.388592 0.862999 0.137255 0.227751
0 0.919786 0.609320 0.130125 0.266994