0 0.497717 0.136667 0.872146 0.190000
0 0.181507 0.286250 0.253425 0.107500
0 0.178082 0.393333 0.251142 0.090000
0 0.180365 0.485417 0.253425 0.094167
0 0.179224 0.595000 0.255708 0.120000
0 0.179224 0.793333 0.255708 0.260000
0 0.179224 0.942917 0.255708 0.039167
0 0.369863 0.866667 0.125571 0.176667
0 0.878995 0.361667 0.125571 0.260000
0 0.881279 0.537917 0.123288 0.094167
0 0.880137 0.637083 0.125571 0.097500
0 0.875571 0.714167 0.127854 0.046667
0 0.875000 0.783333 0.133562 0.080000
0 0.880708 0.912500 0.135845 0.095000
0 0.500000 0.315417 0.121005 0.164167