0 0.255286 0.169360 0.128426 0.256134
0 0.505482 0.111311 0.129209 0.137642
0 0.824589 0.192699 0.256852 0.162777
0 0.825764 0.376421 0.259201 0.203471
0 0.823023 0.498205 0.256852 0.048474
0 0.823023 0.546679 0.253720 0.053262
0 0.758027 0.590066 0.122161 0.043088
0 0.885670 0.598145 0.128426 0.052065
0 0.629992 0.565530 0.130775 0.057451
0 0.631558 0.616996 0.127643 0.044285
0 0.563430 0.802513 0.750979 0.321963
0 0.127251 0.544285 0.127643 0.049671
0 0.125685 0.600838 0.127643 0.055057
0 0.126077 0.657391 0.128426 0.052065
0 0.124511 0.704668 0.129992 0.049671
0 0.127251 0.755536 0.127643 0.050868
0 0.126468 0.803112 0.126077 0.045482
0 0.123336 0.854877 0.127643 0.053262
0 0.125685 0.913226 0.127643 0.064632