0 0.498922 0.378739 0.125000 0.120453
0 0.501078 0.255053 0.129310 0.125303
0 0.504849 0.127728 0.128233 0.127728
0 0.816272 0.104285 0.251078 0.079224
0 0.815733 0.168553 0.250000 0.050930
0 0.816272 0.265158 0.255388 0.140663
0 0.813039 0.368230 0.253233 0.068715
0 0.808190 0.437753 0.258621 0.068715
0 0.810345 0.514956 0.260776 0.087308
0 0.804418 0.595392 0.251078 0.075182
0 0.869612 0.741310 0.118534 0.211803
0 0.871767 0.897736 0.120690 0.094584
0 0.190194 0.088116 0.251078 0.045271
0 0.189655 0.133791 0.256466 0.042846
0 0.185345 0.318513 0.247845 0.315279
0 0.179957 0.525061 0.243534 0.092967
0 0.181573 0.624495 0.238147 0.091350
0 0.179957 0.707761 0.245690 0.075182
0 0.179957 0.782943 0.245690 0.076799
0 0.120151 0.856508 0.128233 0.059014
0 0.245690 0.856912 0.122845 0.061439
0 0.120151 0.912288 0.130388 0.050930
0 0.503233 0.130154 0.122845 0.126112
0 0.503233 0.255053 0.125000 0.126920
0 0.500000 0.376314 0.125000 0.117219
0 0.747845 0.671382 0.122845 0.078416
0 0.745151 0.742926 0.128233 0.064673
0 0.747845 0.814470 0.125000 0.073565