0 0.500534 0.180533 0.368590 0.212439
0 0.500000 0.179725 0.367521 0.210824
0 0.806090 0.142165 0.246795 0.126010
0 0.806624 0.275848 0.252137 0.136511
0 0.805556 0.378837 0.252137 0.067851
0 0.806624 0.447092 0.250000 0.070275
0 0.806624 0.527464 0.252137 0.085622
0 0.805556 0.606220 0.250000 0.070275
0 0.868056 0.701535 0.127137 0.112278
0 0.740919 0.683764 0.127137 0.073506
0 0.743590 0.758078 0.132479 0.067044
0 0.869124 0.806947 0.129274 0.106624
0 0.741453 0.820679 0.130342 0.050081
0 0.740919 0.887318 0.127137 0.079968
0 0.871261 0.910339 0.127137 0.100162
0 0.192308 0.098546 0.254274 0.043619
0 0.190171 0.145800 0.250000 0.047658
0 0.189637 0.329160 0.248932 0.315832
0 0.187500 0.537964 0.244658 0.093700
0 0.183761 0.637722 0.250000 0.094507
0 0.188568 0.718901 0.255342 0.071082
0 0.184829 0.798465 0.252137 0.079968
0 0.118590 0.867528 0.130342 0.059774
0 0.248932 0.864701 0.123932 0.047658
0 0.246261 0.920840 0.127137 0.058158
0 0.118590 0.926494 0.132479 0.053312
0 0.502137 0.109855 0.371795 0.071082
0 0.371795 0.816640 0.121795 0.014540
0 0.371795 0.905897 0.123932 0.016963
0 0.493056 0.849758 0.118590 0.017771
0 0.618590 0.815832 0.123932 0.014540
0 0.618590 0.918417 0.121795 0.014540
0 0.493056 0.895800 0.118590 0.011309