0 0.202326 0.171790 0.134884 0.253165
0 0.731395 0.067360 0.130233 0.038879
0 0.732558 0.117993 0.130233 0.066004
0 0.732558 0.193490 0.130233 0.086799
0 0.869186 0.512658 0.140698 0.931284
0 0.668605 0.305606 0.267442 0.133816
0 0.605233 0.676311 0.396512 0.607595
0 0.338953 0.655063 0.131395 0.317360
0 0.202907 0.681284 0.131395 0.051537
0 0.205233 0.742767 0.133721 0.067812
0 0.208140 0.794756 0.134884 0.034358
0 0.270930 0.896926 0.265116 0.166365
0 0.077326 0.845841 0.136047 0.123870
0 0.076744 0.942586 0.125581 0.067812