0 0.338042 0.154442 0.117053 0.217604
0 0.920787 0.129177 0.114026 0.083945
0 0.921292 0.259984 0.119072 0.172779
0 0.802725 0.303993 0.118063 0.086390
0 0.859233 0.416055 0.237134 0.139364
0 0.689707 0.399348 0.122099 0.179299
0 0.803734 0.722901 0.344097 0.472698
0 0.571645 0.677262 0.116044 0.086390
0 0.573663 0.842706 0.116044 0.239609
0 0.457619 0.899348 0.112008 0.132844
0 0.457114 0.765281 0.123108 0.128769
0 0.159435 0.368786 0.234107 0.134474
0 0.159939 0.500815 0.235116 0.123064
0 0.162967 0.677262 0.229062 0.223309