0 0.429412 0.671604 0.252941 0.062861
0 0.623529 0.296243 0.125490 0.082370
0 0.242647 0.339234 0.128431 0.164017
0 0.433824 0.130780 0.250000 0.182081
0 0.246569 0.083454 0.126471 0.093208
0 0.880882 0.129335 0.134314 0.176301
0 0.122059 0.153540 0.124510 0.233382
0 0.117157 0.302746 0.124510 0.060694
0 0.817157 0.352962 0.240196 0.273844
0 0.751471 0.156431 0.134314 0.104769
0 0.814706 0.576590 0.254902 0.182081
0 0.872549 0.800217 0.129412 0.220376
0 0.744118 0.841402 0.121569 0.237717
0 0.871569 0.937139 0.131373 0.047688
0 0.113725 0.826228 0.121569 0.252168