0 0.502657 0.274980 0.123273 0.367994
0 0.193943 0.184809 0.245484 0.228270
0 0.195537 0.335500 0.248672 0.074736
0 0.192349 0.413079 0.244421 0.083672
0 0.193943 0.508530 0.245484 0.100731
0 0.190755 0.646223 0.251860 0.168156
0 0.187566 0.786353 0.247609 0.107230
0 0.187566 0.896426 0.251860 0.111292
0 0.813496 0.177092 0.241233 0.207961
0 0.813496 0.349716 0.241233 0.122665
0 0.811902 0.473599 0.238045 0.123477
0 0.751328 0.562551 0.125399 0.047929
0 0.869819 0.564582 0.117960 0.053615
0 0.810308 0.656377 0.245484 0.133225
0 0.809245 0.768075 0.249734 0.088546
0 0.806589 0.849310 0.255048 0.069050
0 0.806589 0.917141 0.259299 0.069862