0 0.376156 0.189400 0.234327 0.253903
0 0.075026 0.428513 0.117163 0.124076
0 0.073484 0.558751 0.116136 0.139688
0 0.075540 0.726376 0.116136 0.198850
0 0.194245 0.748973 0.115108 0.239113
0 0.077595 0.845111 0.124358 0.038620
0 0.132580 0.912901 0.236382 0.093673
0 0.492806 0.830731 0.231244 0.254725
0 0.789825 0.788003 0.348407 0.353328
0 0.906989 0.188578 0.120247 0.132293
0 0.906989 0.323747 0.120247 0.136401
0 0.850462 0.501233 0.235355 0.220214
0 0.789825 0.254314 0.116136 0.086278
0 0.792395 0.344700 0.110997 0.089565