0 0.520867 0.195064 0.138298 0.215686
0 0.893208 0.127451 0.128478 0.142664
0 0.831424 0.245774 0.247136 0.096687
0 0.833061 0.346180 0.248773 0.101420
0 0.833879 0.465517 0.252046 0.144016
0 0.831833 0.605815 0.257774 0.136579
0 0.831015 0.740027 0.252864 0.141312
0 0.828560 0.854293 0.249591 0.092630
0 0.828151 0.924273 0.248773 0.047329
0 0.204583 0.269439 0.247136 0.253550
0 0.266367 0.472955 0.118658 0.064233
0 0.267185 0.529074 0.123568 0.050710
0 0.266776 0.581474 0.121113 0.055443
0 0.266367 0.657877 0.118658 0.098715
0 0.267185 0.758283 0.130115 0.098039
0 0.264730 0.855646 0.118658 0.098039