0 0.514628 0.668233 0.125000 0.131579
0 0.911569 0.289474 0.134309 0.084586
0 0.913564 0.394267 0.135638 0.121241
0 0.914229 0.534774 0.139628 0.157895
0 0.913564 0.665883 0.138298 0.096805
0 0.913564 0.762218 0.138298 0.090226
0 0.908245 0.850564 0.138298 0.086466
0 0.906915 0.938910 0.140957 0.084586
0 0.775931 0.689380 0.134309 0.079887
0 0.773936 0.790883 0.132979 0.121241
0 0.775266 0.917293 0.135638 0.125940
0 0.640957 0.711936 0.132979 0.134398
0 0.640293 0.822368 0.131649 0.086466
0 0.636968 0.921523 0.140957 0.109962
0 0.377660 0.752350 0.127660 0.121241
0 0.440824 0.857143 0.256649 0.078947
0 0.439495 0.936090 0.259309 0.077068
0 0.108378 0.947838 0.134309 0.047932
0 0.243351 0.948308 0.135638 0.052632