0 0.497821 0.175424 0.372549 0.221504
0 0.183551 0.089329 0.258170 0.050930
0 0.182462 0.134600 0.258170 0.042846
0 0.184096 0.176233 0.254902 0.038804
0 0.178649 0.352466 0.254902 0.313662
0 0.183007 0.554568 0.250545 0.088925
0 0.180283 0.651981 0.251634 0.104285
0 0.182462 0.739693 0.251634 0.071140
0 0.814270 0.087308 0.251634 0.046888
0 0.815359 0.135812 0.251634 0.046888
0 0.816993 0.360954 0.254902 0.398545
0 0.754357 0.600243 0.123094 0.078416
0 0.752179 0.670170 0.129630 0.061439
0 0.751089 0.731609 0.123094 0.063056
0 0.880719 0.638238 0.127451 0.154406
0 0.880174 0.773242 0.130719 0.117219
0 0.880174 0.860954 0.130719 0.054972
0 0.880719 0.913500 0.133987 0.053355