0 0.445270 0.834771 0.144595 0.145815
0 0.825676 0.216135 0.300000 0.378775
0 0.143919 0.238568 0.150000 0.223469
0 0.146622 0.075928 0.152703 0.098361
0 0.141216 0.501726 0.150000 0.295945
0 0.140541 0.695858 0.148649 0.094047
0 0.141216 0.844262 0.150000 0.199310
0 0.749324 0.455565 0.150000 0.100086
0 0.749324 0.534513 0.152703 0.052632
0 0.745270 0.589733 0.152703 0.056083
0 0.745946 0.643658 0.156757 0.056946
0 0.747297 0.696290 0.154054 0.046592
0 0.745946 0.740293 0.154054 0.044866
0 0.747973 0.786885 0.150000 0.046592
0 0.745946 0.824418 0.148649 0.030198