0 0.432093 0.175684 0.274648 0.280076
0 0.222334 0.416295 0.134809 0.044558
0 0.778672 0.207829 0.138833 0.068109
0 0.917505 0.138447 0.136821 0.209421
0 0.848089 0.270528 0.279678 0.059835
0 0.847586 0.394017 0.274648 0.185869
0 0.843561 0.621897 0.276660 0.269892
0 0.842555 0.828771 0.274648 0.145130
0 0.841549 0.950987 0.280684 0.095481
0 0.630282 0.951941 0.135815 0.092298
0 0.349095 0.957034 0.144869 0.075748
0 0.353119 0.823997 0.140845 0.187778
0 0.151408 0.577339 0.272636 0.269892
0 0.148390 0.802673 0.266600 0.182050
0 0.145372 0.941439 0.264588 0.098027