0 0.497996 0.269481 0.234469 0.436688
0 0.904810 0.178571 0.114228 0.086039
0 0.903808 0.266234 0.116232 0.086039
0 0.789579 0.262987 0.114228 0.087662
0 0.846693 0.353490 0.230461 0.091721
0 0.850701 0.505682 0.230461 0.214286
0 0.849699 0.792208 0.232465 0.357143
0 0.150802 0.505682 0.231463 0.097403
0 0.151303 0.368912 0.218437 0.169643
0 0.673848 0.701299 0.115230 0.133117
0 0.676854 0.870942 0.117234 0.198052
0 0.153307 0.758117 0.230461 0.407468
0 0.321643 0.875000 0.122244 0.178571
0 0.555611 0.849838 0.111222 0.019481