0 0.554082 0.186475 0.824490 0.174590
0 0.081122 0.520492 0.117347 0.085246
0 0.906633 0.370902 0.119388 0.125410
0 0.904082 0.451639 0.112245 0.042623
0 0.904592 0.578279 0.117347 0.205738
0 0.904592 0.821721 0.117347 0.276230
0 0.789286 0.615574 0.117347 0.175410
0 0.784694 0.720492 0.116327 0.032787
0 0.786224 0.763115 0.119388 0.045902
0 0.784694 0.798361 0.116327 0.026230
0 0.784184 0.886066 0.117347 0.145902
0 0.666327 0.863115 0.116327 0.188525
0 0.076531 0.835656 0.116327 0.210656
0 0.196429 0.863934 0.119388 0.175410