0 0.493750 0.380911 0.127083 0.147110
0 0.113021 0.174256 0.126042 0.239930
0 0.109375 0.360771 0.129167 0.127846
0 0.110417 0.450525 0.129167 0.051664
0 0.109896 0.540280 0.126042 0.126095
0 0.109896 0.713660 0.126042 0.220665
0 0.106771 0.867338 0.126042 0.083187
0 0.106250 0.924256 0.125000 0.028897
0 0.360417 0.911559 0.122917 0.092820
0 0.872396 0.159370 0.126042 0.217163
0 0.875000 0.313923 0.129167 0.084939
0 0.876042 0.404991 0.129167 0.090193
0 0.877604 0.492995 0.126042 0.085814
0 0.873437 0.747811 0.126042 0.423818
0 0.743750 0.924256 0.127083 0.067426