0 0.625267 0.652136 0.128998 0.156931
0 0.493603 0.210113 0.130064 0.155187
0 0.887527 0.180907 0.133262 0.258936
0 0.889659 0.669573 0.128998 0.088928
0 0.888060 0.776373 0.125800 0.077594
0 0.886994 0.888405 0.132196 0.136007
0 0.105011 0.167393 0.126866 0.224935
0 0.101812 0.341761 0.126866 0.122058
0 0.101279 0.428945 0.132196 0.045336
0 0.099680 0.471229 0.128998 0.044464
0 0.099147 0.518309 0.130064 0.044464
0 0.101279 0.563644 0.127932 0.044464
0 0.100213 0.611595 0.130064 0.051439
0 0.100746 0.662162 0.133262 0.049695
0 0.103412 0.750654 0.134328 0.125545
0 0.100746 0.840017 0.133262 0.051439
0 0.103412 0.910201 0.136461 0.087184
0 0.364606 0.824760 0.130064 0.219704