0 0.199244 0.918152 0.253780 0.047002
0 0.824514 0.735818 0.253780 0.084279
0 0.204644 0.521880 0.249460 0.199352
0 0.199784 0.847245 0.252700 0.081848
0 0.200324 0.760535 0.249460 0.078606
0 0.827214 0.651540 0.250540 0.079417
0 0.828294 0.572934 0.254860 0.081037
0 0.637689 0.594003 0.122030 0.119935
0 0.389849 0.595219 0.125270 0.119125
0 0.829374 0.487034 0.250540 0.089141
0 0.639309 0.470421 0.125270 0.127229
0 0.390389 0.471232 0.128510 0.125608
0 0.829914 0.403160 0.251620 0.083468
0 0.827754 0.315640 0.251620 0.091572
0 0.827754 0.104538 0.249460 0.085900
0 0.197624 0.239060 0.267819 0.356564
0 0.205724 0.238250 0.242981 0.353323
0 0.828294 0.103323 0.261339 0.088331
0 0.518359 0.233793 0.375810 0.342788
0 0.828294 0.206240 0.257019 0.119125
0 0.830454 0.314425 0.265659 0.097245
0 0.830454 0.403566 0.254860 0.082658
0 0.825594 0.488655 0.245140 0.090762
0 0.827214 0.573339 0.246220 0.080227
0 0.825594 0.651945 0.253780 0.075365
0 0.825594 0.734198 0.255940 0.082658
0 0.826674 0.815235 0.260259 0.082658
0 0.829374 0.897083 0.265659 0.084279
0 0.640929 0.470827 0.122030 0.129660
0 0.639309 0.596434 0.118790 0.116694
0 0.390929 0.468395 0.127430 0.129660
0 0.390389 0.598055 0.119870 0.123177
0 0.204644 0.521475 0.251620 0.196921
0 0.202484 0.673015 0.247300 0.099676
0 0.197624 0.764587 0.250540 0.080227
0 0.196004 0.846840 0.253780 0.084279
0 0.192765 0.916126 0.247300 0.047812