0 0.494015 0.179789 0.339499 0.213474
0 0.177911 0.092127 0.257889 0.047890
0 0.177911 0.136364 0.257889 0.040584
0 0.177367 0.180601 0.258977 0.049513
0 0.174646 0.382711 0.255713 0.353084
0 0.173014 0.612419 0.252448 0.091721
0 0.172470 0.709010 0.249184 0.099838
0 0.177367 0.795860 0.256801 0.078734
0 0.176279 0.891234 0.254625 0.110390
0 0.813384 0.091721 0.262242 0.050325
0 0.813384 0.136364 0.262242 0.042208
0 0.813384 0.180195 0.260065 0.050325
0 0.812840 0.385552 0.258977 0.362013
0 0.811208 0.589286 0.260065 0.050325
0 0.744287 0.651380 0.130577 0.065747
0 0.871055 0.833198 0.127312 0.125812
0 0.873232 0.922484 0.131665 0.052760