0 0.389344 0.148132 0.132319 0.166370
0 0.922131 0.415036 0.134660 0.520463
0 0.915105 0.715302 0.137002 0.087189
0 0.916276 0.869662 0.134660 0.219751
0 0.723653 0.418594 0.259953 0.392349
0 0.714871 0.792705 0.261124 0.355872
0 0.455504 0.556495 0.266979 0.500890
0 0.446721 0.886566 0.265808 0.164591
0 0.248829 0.595196 0.134660 0.087189
0 0.248829 0.673043 0.137002 0.066726
0 0.112412 0.661922 0.138173 0.087189
0 0.176230 0.786477 0.270492 0.160142
0 0.177986 0.918149 0.271663 0.103203
0 0.251171 0.467527 0.132319 0.162811