0 0.441470 0.220288 0.260436 0.328539
0 0.110254 0.132475 0.133394 0.161998
0 0.107078 0.330053 0.139746 0.230129
0 0.110254 0.538986 0.137024 0.192279
0 0.112069 0.731643 0.137024 0.186980
0 0.109347 0.874338 0.131579 0.095382
0 0.245463 0.557911 0.131579 0.054504
0 0.245463 0.613172 0.131579 0.051476
0 0.241833 0.682438 0.135209 0.088569
0 0.243648 0.758895 0.131579 0.058289
0 0.241833 0.819076 0.133394 0.051476
0 0.240926 0.868660 0.135209 0.043149
0 0.239564 0.917865 0.130672 0.049205
0 0.840744 0.155942 0.274955 0.210447
0 0.777677 0.445496 0.402904 0.379258
0 0.837568 0.733914 0.264973 0.190008
0 0.770871 0.858441 0.135209 0.056018
0 0.903358 0.861847 0.135209 0.058289
0 0.906534 0.919379 0.139746 0.059803
0 0.769510 0.919001 0.128857 0.052990
0 0.639292 0.240727 0.137024 0.036336
0 0.436933 0.876230 0.260436 0.146101
0 0.243648 0.515519 0.135209 0.024224