0 0.761435 0.754202 0.125394 0.094238
0 0.505521 0.274010 0.127760 0.125450
0 0.824132 0.147659 0.257098 0.199280
0 0.822555 0.315426 0.260252 0.136255
0 0.885252 0.412065 0.131703 0.059424
0 0.888801 0.463685 0.129338 0.047419
0 0.889196 0.509604 0.126972 0.037215
0 0.890773 0.558824 0.128549 0.052821
0 0.887618 0.640156 0.133281 0.109844
0 0.891956 0.834934 0.130915 0.274910
0 0.125789 0.552221 0.128549 0.054022
0 0.124606 0.611945 0.129338 0.059424
0 0.124211 0.667167 0.126972 0.054622
0 0.125789 0.716987 0.128549 0.042617
0 0.124606 0.765606 0.129338 0.054622
0 0.124606 0.817527 0.129338 0.048019
0 0.123028 0.865246 0.129338 0.047419
0 0.121057 0.923770 0.133281 0.072029