0 0.439673 0.864386 0.832311 0.197032
0 0.916667 0.128607 0.121677 0.187964
0 0.679448 0.226298 0.119632 0.150866
0 0.085378 0.071311 0.115542 0.071723
0 0.088446 0.153339 0.121677 0.087387
0 0.086401 0.283594 0.115542 0.168178
0 0.206033 0.261748 0.121677 0.218467
0 0.321575 0.345012 0.121677 0.098104
0 0.319530 0.507420 0.119632 0.216818
0 0.559816 0.687552 0.115542 0.154988
0 0.142127 0.489283 0.231084 0.234955
0 0.144172 0.685903 0.231084 0.153339
0 0.319530 0.691674 0.121677 0.146744
0 0.914622 0.833059 0.119632 0.134378
0 0.916667 0.931575 0.119632 0.061006