0 0.385770 0.845304 0.134465 0.230203
0 0.590731 0.557090 0.257180 0.246777
0 0.591384 0.555709 0.248042 0.240331
0 0.592689 0.728361 0.253264 0.099448
0 0.588773 0.813076 0.261097 0.073665
0 0.586162 0.873849 0.255875 0.060773
0 0.580940 0.935543 0.255875 0.055249
0 0.389687 0.846685 0.129243 0.234807
0 0.861619 0.081492 0.255875 0.063536
0 0.857702 0.140424 0.258486 0.065378
0 0.856397 0.197514 0.263708 0.059853
0 0.856397 0.255985 0.266319 0.055249
0 0.855091 0.313996 0.266319 0.064457
0 0.853786 0.375691 0.266319 0.055249
0 0.853786 0.427716 0.266319 0.050645
0 0.856397 0.481123 0.266319 0.056169
0 0.854439 0.534070 0.270235 0.051565
0 0.851828 0.587477 0.275457 0.053407
0 0.847911 0.645028 0.275457 0.059853
0 0.847911 0.727901 0.272846 0.098527
0 0.849217 0.821823 0.270235 0.091160
0 0.849217 0.922192 0.270235 0.100368
0 0.658616 0.355893 0.126632 0.153775