0 0.366822 0.623339 0.067757 0.053987
0 0.679322 0.161130 0.136682 0.063123
0 0.821846 0.094684 0.146028 0.048173
0 0.754673 0.246262 0.287383 0.103821
0 0.752921 0.382060 0.286215 0.166113
0 0.759346 0.566860 0.285047 0.205150
0 0.759930 0.812708 0.286215 0.283223
0 0.541472 0.859635 0.141355 0.176080
0 0.119159 0.100914 0.147196 0.053987
0 0.119743 0.154900 0.146028 0.050664
0 0.120327 0.217193 0.144860 0.065615
0 0.120327 0.282807 0.144860 0.067276
0 0.260514 0.183555 0.144860 0.229236
0 0.192757 0.402824 0.271028 0.166113
0 0.191005 0.584718 0.272196 0.200997
0 0.187500 0.812708 0.279206 0.256645