0 0.508377 0.165186 0.361257 0.199515
0 0.205236 0.093700 0.257592 0.051696
0 0.202094 0.264943 0.245026 0.294023
0 0.201047 0.468498 0.240838 0.100162
0 0.202094 0.558158 0.240838 0.069467
0 0.201571 0.639742 0.239791 0.082391
0 0.263874 0.721325 0.127749 0.072698
0 0.262304 0.790388 0.122513 0.060582
0 0.143979 0.736672 0.112042 0.103393
0 0.143979 0.838045 0.122513 0.092892
0 0.145550 0.915994 0.121466 0.063005
0 0.815707 0.086834 0.245026 0.050889
0 0.816230 0.142569 0.246073 0.047658
0 0.816230 0.299273 0.252356 0.278675
0 0.816230 0.466478 0.243979 0.044426
0 0.820942 0.510097 0.242932 0.033118
0 0.817801 0.574717 0.249215 0.086430
0 0.753403 0.688611 0.120419 0.128433
0 0.873822 0.668821 0.128796 0.093700
0 0.874346 0.764943 0.129843 0.093700
0 0.875916 0.880856 0.132984 0.136511
0 0.748168 0.803312 0.114136 0.096123