0 0.235672 0.824965 0.127470 0.126591
0 0.234684 0.403112 0.129447 0.118812
0 0.362648 0.208982 0.128458 0.062942
0 0.817194 0.169378 0.260870 0.221358
0 0.813735 0.363861 0.261858 0.166195
0 0.811759 0.580976 0.261858 0.263791
0 0.751976 0.842291 0.397233 0.261669
0 0.616601 0.201909 0.124506 0.282178
0 0.490119 0.257072 0.126482 0.386846
0 0.487154 0.544554 0.124506 0.179632
0 0.491601 0.894272 0.119565 0.147808
0 0.362648 0.432107 0.126482 0.159830
0 0.361660 0.648868 0.126482 0.265205
0 0.359190 0.842291 0.129447 0.118812
0 0.362154 0.936704 0.125494 0.065771
0 0.486660 0.725248 0.129447 0.181754
0 0.619071 0.625177 0.125494 0.168317
0 0.621542 0.443069 0.130435 0.191655