0 0.431170 0.298091 0.240905 0.183168
0 0.370206 0.468529 0.120944 0.154880
0 0.179449 0.125884 0.252704 0.155587
0 0.178958 0.289958 0.261554 0.168317
0 0.815143 0.215347 0.263520 0.334512
0 0.882498 0.402405 0.134710 0.032532
0 0.882989 0.445545 0.141593 0.043847
0 0.748771 0.435644 0.120944 0.062235
0 0.811701 0.686704 0.258604 0.169731
0 0.874631 0.803395 0.124877 0.045262
0 0.877581 0.840170 0.120944 0.025460
0 0.873156 0.902405 0.127827 0.091938
0 0.746313 0.926803 0.123894 0.043140
0 0.183874 0.875177 0.245821 0.144979
0 0.116519 0.446959 0.130777 0.123055