0 0.542916 0.615066 0.115822 0.268212
0 0.124095 0.581954 0.231644 0.293046
0 0.545502 0.206126 0.838676 0.197020
0 0.120476 0.787666 0.238883 0.116722
0 0.124095 0.907699 0.237849 0.126656
0 0.541882 0.915977 0.113754 0.125000
0 0.843847 0.495033 0.231644 0.132450
0 0.901758 0.653974 0.113754 0.177152
0 0.784385 0.658526 0.120993 0.181291
0 0.903826 0.858858 0.119959 0.230960
0 0.781282 0.792632 0.120993 0.085265
0 0.779214 0.880381 0.118925 0.083609
0 0.780248 0.949917 0.129266 0.055464
0 0.663392 0.920944 0.114788 0.118377
0 0.661324 0.793046 0.116856 0.137417
0 0.663909 0.635348 0.130300 0.176325