0 0.327292 0.336672 0.113006 0.237805
0 0.099147 0.125871 0.119403 0.173345
0 0.098081 0.353223 0.119403 0.276132
0 0.098614 0.540941 0.118337 0.097561
0 0.099147 0.655052 0.113006 0.123693
0 0.100746 0.742160 0.111940 0.052265
0 0.103945 0.795296 0.116205 0.052265
0 0.894456 0.421603 0.115139 0.043554
0 0.897122 0.459495 0.118337 0.028746
0 0.898721 0.494774 0.115139 0.040070
0 0.897655 0.537456 0.119403 0.047038
0 0.899787 0.587544 0.119403 0.047909
0 0.897655 0.632840 0.119403 0.042683
0 0.897655 0.680314 0.119403 0.055749
0 0.898721 0.731707 0.121535 0.043554
0 0.897655 0.775261 0.121535 0.047038
0 0.899787 0.820122 0.123667 0.042683
0 0.902985 0.888937 0.123667 0.091463
0 0.780917 0.604094 0.111940 0.091463
0 0.783582 0.686847 0.113006 0.077526
0 0.783582 0.751742 0.110874 0.047038
0 0.332090 0.906794 0.111940 0.090592