0 0.553656 0.119891 0.824292 0.174387
0 0.551887 0.119891 0.811321 0.165304
0 0.077830 0.171208 0.134434 0.233424
0 0.080189 0.324251 0.129717 0.074478
0 0.216981 0.399637 0.139151 0.332425
0 0.221108 0.683470 0.140330 0.233424
0 0.421580 0.306994 0.272406 0.163488
0 0.490566 0.414169 0.134434 0.054496
0 0.493514 0.466394 0.133255 0.049955
0 0.901533 0.451408 0.135613 0.085377
0 0.353774 0.612625 0.134434 0.099001
0 0.362618 0.866485 0.137972 0.078111
0 0.362618 0.936421 0.137972 0.054496
0 0.498231 0.848774 0.133255 0.046322
0 0.498821 0.905995 0.134434 0.060854
0 0.775354 0.955495 0.137972 0.047230
0 0.903892 0.888738 0.135613 0.037239