0 0.494670 0.158890 0.364606 0.195495
0 0.190299 0.082462 0.246269 0.050684
0 0.812900 0.084071 0.261194 0.050684
0 0.811301 0.133146 0.260128 0.050684
0 0.807036 0.312550 0.253731 0.311344
0 0.811301 0.531778 0.257996 0.120676
0 0.810768 0.620676 0.256930 0.052293
0 0.739872 0.698311 0.117271 0.096541
0 0.741471 0.792438 0.122601 0.096541
0 0.740938 0.889783 0.125800 0.099759
0 0.865139 0.693484 0.131130 0.091714
0 0.864072 0.782784 0.131130 0.086887
0 0.867271 0.884956 0.128998 0.112631
0 0.187633 0.255833 0.238806 0.296058
0 0.183902 0.453741 0.239872 0.083669
0 0.186034 0.535800 0.239872 0.077233
0 0.182836 0.623492 0.235608 0.094932
0 0.183369 0.800483 0.249467 0.263878