0 0.697279 0.592433 0.235828 0.254514
0 0.767574 0.174979 0.365079 0.219261
0 0.768141 0.377042 0.363946 0.186586
0 0.879819 0.585125 0.129252 0.241617
0 0.879252 0.750645 0.123583 0.092863
0 0.882086 0.842648 0.129252 0.096303
0 0.879819 0.920464 0.124717 0.059329
0 0.225057 0.207223 0.232426 0.285469
0 0.223923 0.460447 0.234694 0.217541
0 0.220522 0.671969 0.236961 0.208942
0 0.222222 0.819862 0.240363 0.086844
0 0.400794 0.820292 0.119048 0.084265
0 0.459184 0.908856 0.229025 0.092863
0 0.160998 0.903697 0.113379 0.087704
0 0.282880 0.908426 0.119048 0.098882