0 0.213786 0.072930 0.135864 0.108917
0 0.827672 0.150318 0.276723 0.268790
0 0.487512 0.175796 0.141858 0.314650
0 0.830669 0.374204 0.274725 0.176433
0 0.834166 0.559873 0.269730 0.182166
0 0.838162 0.721656 0.277722 0.145223
0 0.843157 0.843631 0.275724 0.102548
0 0.909091 0.934076 0.135864 0.082166
0 0.775724 0.935350 0.130869 0.079618
0 0.639361 0.877389 0.133866 0.205732
0 0.504496 0.944268 0.139860 0.074522
0 0.084915 0.370701 0.139860 0.178344
0 0.219281 0.371975 0.124875 0.189809
0 0.156843 0.555732 0.267732 0.184076
0 0.157842 0.738535 0.261738 0.181529
0 0.160340 0.878662 0.276723 0.093631
0 0.366134 0.905414 0.140859 0.159873
0 0.157343 0.958280 0.286713 0.061783
0 0.636364 0.715287 0.135864 0.115924