0 0.383333 0.817355 0.123810 0.165289
0 0.509524 0.670661 0.123810 0.151240
0 0.635714 0.478512 0.123810 0.142149
0 0.384524 0.524380 0.121429 0.147934
0 0.508929 0.339256 0.125000 0.149587
0 0.635119 0.126446 0.122619 0.153719
0 0.383929 0.135537 0.127381 0.171901
0 0.257738 0.385950 0.127381 0.153719
0 0.258929 0.673967 0.122619 0.171074
0 0.129167 0.177273 0.132143 0.258678
0 0.126786 0.338430 0.127381 0.068595
0 0.126786 0.418182 0.134524 0.092562
0 0.129167 0.512397 0.132143 0.092562
0 0.126786 0.603719 0.127381 0.090083
0 0.821429 0.092149 0.254762 0.085124
0 0.821429 0.166116 0.254762 0.067769
0 0.823810 0.236777 0.261905 0.075207
0 0.823810 0.380579 0.259524 0.214050
0 0.886310 0.571488 0.132143 0.164463
0 0.886310 0.702479 0.134524 0.097521
0 0.887500 0.780992 0.129762 0.062810
0 0.888690 0.879339 0.132143 0.138843
0 0.763690 0.793802 0.132143 0.055372
0 0.761310 0.886777 0.127381 0.127273
0 0.636310 0.903306 0.127381 0.097521