0 0.145489 0.760912 0.268107 0.425800
0 0.818297 0.141610 0.264295 0.137730
0 0.887548 0.252667 0.138501 0.045587
0 0.887548 0.299709 0.138501 0.046557
0 0.885642 0.350145 0.134689 0.054316
0 0.885006 0.436954 0.138501 0.111542
0 0.881194 0.545102 0.138501 0.106693
0 0.881830 0.690592 0.142313 0.180407
0 0.881194 0.876334 0.138501 0.189137
0 0.753494 0.304559 0.134689 0.091174
0 0.748412 0.484481 0.127065 0.264791
0 0.611182 0.795344 0.401525 0.349176
0 0.616264 0.437924 0.134689 0.361785
0 0.479034 0.464113 0.134689 0.305529