0 0.658346 0.876940 0.287051 0.170732
0 0.645086 0.194568 0.294852 0.284922
0 0.127925 0.190687 0.149766 0.281596
0 0.423557 0.201220 0.148206 0.302661
0 0.869735 0.228936 0.151326 0.369180
0 0.872855 0.466186 0.154446 0.105322
0 0.873635 0.549335 0.149766 0.060976
0 0.875195 0.607539 0.156006 0.050998
0 0.875195 0.664080 0.152886 0.066519
0 0.138066 0.925721 0.154446 0.073171
0 0.577223 0.396341 0.143526 0.105322
0 0.578003 0.488359 0.148206 0.074279
0 0.578003 0.584812 0.148206 0.107539
0 0.581903 0.713415 0.146646 0.143016
0 0.722309 0.392461 0.143526 0.101996
0 0.725429 0.596452 0.149766 0.170732