0 0.549412 0.122531 0.814118 0.175045
0 0.211765 0.339767 0.134118 0.216338
0 0.080000 0.249102 0.131765 0.065530
0 0.211765 0.608169 0.131765 0.049372
0 0.347059 0.627917 0.136471 0.056553
0 0.349412 0.677738 0.134118 0.046679
0 0.211765 0.796679 0.131765 0.216338
0 0.078824 0.666966 0.127059 0.096948
0 0.078824 0.762118 0.131765 0.057451
0 0.481176 0.420108 0.134118 0.046679
0 0.747059 0.393178 0.136471 0.084381
0 0.882353 0.354129 0.134118 0.087074
0 0.751765 0.530072 0.138824 0.070916
0 0.751765 0.603232 0.131765 0.064632
0 0.747059 0.795781 0.134118 0.045781
0 0.884706 0.879713 0.129412 0.035907
0 0.749412 0.942549 0.136471 0.053860