0 0.630645 0.819433 0.121505 0.105263
0 0.445699 0.169636 0.213978 0.203239
0 0.756452 0.754656 0.123656 0.121457
0 0.630108 0.704453 0.120430 0.102024
0 0.762903 0.235223 0.383871 0.348988
0 0.823656 0.461134 0.255914 0.104453
0 0.822581 0.561538 0.258065 0.097976
0 0.822043 0.649798 0.263441 0.078543
0 0.885484 0.817814 0.130108 0.252632
0 0.757527 0.757490 0.127957 0.130364
0 0.756452 0.875304 0.130108 0.102024
0 0.633333 0.469636 0.124731 0.124696
0 0.630645 0.591903 0.119355 0.114980
0 0.630645 0.709312 0.123656 0.113360
0 0.630108 0.823482 0.122581 0.114980