0 0.215006 0.161164 0.239642 0.190269
0 0.746920 0.172024 0.351624 0.208514
0 0.214446 0.427454 0.234043 0.211990
0 0.213326 0.697220 0.234043 0.320591
0 0.151736 0.893136 0.117581 0.066030
0 0.270437 0.892268 0.117581 0.066030
0 0.209966 0.939183 0.234043 0.033015
0 0.745801 0.574283 0.353863 0.192876
0 0.802352 0.780626 0.236282 0.211121
0 0.624300 0.795395 0.110862 0.249348
0 0.739642 0.917463 0.110862 0.066030
0 0.857783 0.922242 0.127660 0.068636
0 0.622620 0.937880 0.114222 0.033884
0 0.506719 0.745873 0.117581 0.417897