0 0.442453 0.223605 0.113208 0.146781
0 0.903774 0.115451 0.111321 0.090129
0 0.906604 0.331760 0.118868 0.345923
0 0.903774 0.524464 0.118868 0.041202
0 0.902830 0.576395 0.120755 0.064378
0 0.904245 0.631760 0.116038 0.041202
0 0.902830 0.673820 0.120755 0.034335
0 0.902830 0.709013 0.126415 0.027468
0 0.905189 0.750215 0.125472 0.054936
0 0.904717 0.818455 0.126415 0.084979
0 0.903774 0.881545 0.122642 0.039485
0 0.902358 0.924034 0.125472 0.042060
0 0.093868 0.111159 0.116038 0.083262
0 0.092453 0.215451 0.113208 0.120172
0 0.094811 0.299142 0.116038 0.045494
0 0.091981 0.368240 0.116038 0.092704
0 0.091981 0.457511 0.114151 0.085837
0 0.089151 0.569528 0.116038 0.134764
0 0.087264 0.678112 0.116038 0.092704
0 0.087736 0.768240 0.118868 0.085837
0 0.087736 0.852790 0.120755 0.083262
0 0.086321 0.930043 0.116038 0.069528
0 0.320283 0.915021 0.114151 0.087554