0 0.512379 0.375909 0.127018 0.126112
0 0.510226 0.496362 0.127018 0.113177
0 0.515070 0.248585 0.128095 0.123686
0 0.196448 0.249798 0.246502 0.358933
0 0.825081 0.217462 0.246502 0.287793
0 0.514532 0.124899 0.381055 0.120453
0 0.821851 0.434115 0.246502 0.134196
0 0.822390 0.539612 0.249731 0.073565
0 0.820237 0.610752 0.249731 0.068715
0 0.820237 0.690380 0.251884 0.088925
0 0.819160 0.772433 0.247578 0.073565
0 0.883208 0.854891 0.125942 0.086500
0 0.884822 0.923605 0.131324 0.047696
0 0.196448 0.479790 0.244349 0.094584
0 0.196448 0.574778 0.246502 0.088925
0 0.195371 0.660065 0.244349 0.075182
0 0.196448 0.739289 0.240043 0.076799
0 0.132939 0.810833 0.125942 0.063056
0 0.133477 0.868230 0.120560 0.046888
0 0.132939 0.919563 0.128095 0.050930