0 0.309246 0.165148 0.257630 0.172361
0 0.830341 0.204632 0.262118 0.312073
0 0.831688 0.454822 0.261221 0.185270
0 0.828546 0.601367 0.262118 0.100228
0 0.761221 0.678056 0.129264 0.053151
0 0.892280 0.677297 0.132855 0.059226
0 0.893627 0.731587 0.135548 0.049355
0 0.757181 0.731207 0.126571 0.053151
0 0.629713 0.712225 0.137343 0.095672
0 0.498654 0.744875 0.137343 0.031891
0 0.238779 0.682232 0.127469 0.143508
0 0.108618 0.237661 0.138241 0.057707
0 0.105476 0.511010 0.130162 0.485953
0 0.105925 0.851177 0.138241 0.191344