0 0.624056 0.270073 0.121899 0.147607
0 0.373786 0.263585 0.124056 0.144363
0 0.626214 0.132603 0.124056 0.130576
0 0.377023 0.128548 0.124056 0.125710
0 0.186624 0.272101 0.245955 0.411192
0 0.183387 0.529197 0.245955 0.098135
0 0.181230 0.623682 0.250270 0.089213
0 0.182848 0.707218 0.244876 0.074615
0 0.181230 0.787916 0.250270 0.077048
0 0.118662 0.857259 0.127292 0.063260
0 0.243797 0.857259 0.127292 0.063260
0 0.242179 0.922547 0.126214 0.052717
0 0.116505 0.919708 0.129450 0.058394
0 0.816613 0.133009 0.254585 0.126521
0 0.873786 0.233577 0.133765 0.072993
0 0.745415 0.251419 0.127292 0.108678
0 0.877023 0.304136 0.127292 0.074615
0 0.875405 0.374696 0.130529 0.066504
0 0.750809 0.360097 0.127292 0.107056
0 0.814995 0.476075 0.253506 0.126521
0 0.873786 0.563260 0.133765 0.047851
0 0.747573 0.562855 0.120820 0.050284
0 0.813376 0.657340 0.258900 0.141930
0 0.807983 0.763585 0.254585 0.068938
0 0.809601 0.830495 0.262136 0.064882
0 0.810680 0.907137 0.266451 0.086780
0 0.375405 0.127737 0.122977 0.124088
0 0.374865 0.261963 0.121899 0.144363
0 0.627292 0.133009 0.126214 0.134631
0 0.624595 0.270884 0.125135 0.149230
0 0.372708 0.387267 0.121899 0.106245
0 0.501079 0.110706 0.121899 0.093268
0 0.622438 0.399027 0.127292 0.110300