0 0.495690 0.491512 0.125000 0.113177
0 0.497845 0.369846 0.125000 0.126920
0 0.500000 0.243735 0.127155 0.123686
0 0.812500 0.213824 0.243534 0.293452
0 0.810345 0.431690 0.250000 0.139046
0 0.807651 0.536783 0.251078 0.071140
0 0.807651 0.610348 0.255388 0.071140
0 0.804418 0.687955 0.251078 0.079224
0 0.804957 0.767987 0.250000 0.079224
0 0.742457 0.874293 0.125000 0.138238
0 0.867457 0.850040 0.125000 0.086500
0 0.866918 0.919563 0.126078 0.050930
0 0.182112 0.734034 0.245690 0.080841
0 0.179957 0.654002 0.245690 0.080841
0 0.180496 0.568310 0.251078 0.090542
0 0.181034 0.475344 0.250000 0.098626
0 0.116379 0.803557 0.120690 0.063056
0 0.242457 0.809216 0.125000 0.072757
0 0.118534 0.888440 0.125000 0.106710
0 0.245151 0.894503 0.128233 0.092967
0 0.184267 0.244139 0.243534 0.360550
0 0.500539 0.243735 0.126078 0.122070
0 0.497306 0.370251 0.128233 0.132579
0 0.495151 0.491512 0.126078 0.114794
0 0.495151 0.584883 0.128233 0.075182