0 0.616883 0.267915 0.127706 0.146580
0 0.365801 0.264251 0.129870 0.145765
0 0.618506 0.129479 0.128788 0.131922
0 0.366342 0.127850 0.128788 0.127036
0 0.175325 0.249593 0.253247 0.367264
0 0.172619 0.479642 0.252165 0.084691
0 0.172619 0.575326 0.252165 0.096906
0 0.172078 0.669381 0.246753 0.087948
0 0.172619 0.754072 0.250000 0.073290
0 0.175325 0.833062 0.248918 0.083062
0 0.112554 0.911645 0.129870 0.075733
0 0.240801 0.911238 0.128788 0.078176
0 0.365801 0.127850 0.121212 0.123779
0 0.365260 0.263436 0.128788 0.142508
0 0.807900 0.129072 0.250000 0.129479
0 0.805736 0.249186 0.254329 0.114007
0 0.805736 0.333062 0.254329 0.063518
0 0.805736 0.387622 0.254329 0.043974
0 0.804654 0.587134 0.258658 0.350163
0 0.804113 0.856678 0.253247 0.184039
0 0.616342 0.129479 0.124459 0.127036
0 0.619048 0.268730 0.127706 0.146580