0 0.296374 0.093264 0.274756 0.122280
0 0.903068 0.223834 0.140865 0.230052
0 0.842399 0.367876 0.270572 0.064249
0 0.838912 0.449741 0.271967 0.103627
0 0.841702 0.545596 0.274756 0.092228
0 0.841702 0.626943 0.280335 0.076684
0 0.841004 0.826943 0.281729 0.323316
0 0.569038 0.630052 0.270572 0.062176
0 0.566946 0.707772 0.266388 0.095337
0 0.569038 0.798964 0.270572 0.082902
0 0.564156 0.911917 0.266388 0.145078
0 0.365411 0.707772 0.136681 0.076684
0 0.363319 0.787565 0.135286 0.076684
0 0.363319 0.864249 0.138075 0.076684
0 0.361227 0.946632 0.136681 0.079793
0 0.227336 0.931088 0.136681 0.100518