0 0.506982 0.324104 0.122449 0.245928
0 0.505371 0.127443 0.886144 0.144137
0 0.821160 0.311075 0.254565 0.213355
0 0.820623 0.484935 0.253491 0.129479
0 0.820086 0.596906 0.254565 0.087948
0 0.817938 0.681189 0.254565 0.082248
0 0.816327 0.769137 0.253491 0.090391
0 0.816864 0.879479 0.252417 0.125407
0 0.194952 0.301303 0.245972 0.193811
0 0.189581 0.464984 0.254565 0.127036
0 0.190655 0.587541 0.252417 0.114821
0 0.189581 0.702769 0.250269 0.112378
0 0.185822 0.813518 0.244898 0.104235
0 0.187433 0.904723 0.254565 0.074919