0 0.789447 0.183817 0.113730 0.211618
0 0.288422 0.151867 0.054303 0.058091
0 0.198770 0.163071 0.112705 0.166805
0 0.492828 0.180083 0.231557 0.189212
0 0.907787 0.263071 0.122951 0.227386
0 0.906762 0.451452 0.120902 0.154357
0 0.906762 0.575104 0.118852 0.094606
0 0.908811 0.666390 0.120902 0.089627
0 0.787398 0.468050 0.117828 0.136100
0 0.789447 0.622822 0.113730 0.176763
0 0.849385 0.781328 0.233607 0.133610
0 0.849898 0.914938 0.232582 0.130290
0 0.671107 0.957261 0.120902 0.045643
0 0.434939 0.919502 0.126025 0.116183
0 0.195184 0.758921 0.355533 0.442324
0 0.076844 0.462241 0.118852 0.160996