0 0.168757 0.387812 0.066135 0.086796
0 0.615165 0.091874 0.242873 0.122807
0 0.318700 0.186981 0.126568 0.252078
0 0.912771 0.504617 0.122007 0.942752
0 0.790764 0.344875 0.112885 0.148661
0 0.676169 0.538781 0.353478 0.242844
0 0.674458 0.818098 0.345496 0.312096
0 0.381984 0.565559 0.237172 0.209603
0 0.383694 0.768236 0.240593 0.199446
0 0.380274 0.921514 0.236032 0.107110
0 0.207526 0.737304 0.120867 0.037858
0 0.208096 0.782548 0.122007 0.056325
0 0.204105 0.834718 0.120867 0.046168
0 0.203535 0.877655 0.117446 0.037858
0 0.203535 0.936750 0.112885 0.072946
0 0.088940 0.932133 0.120867 0.084026