0 0.382627 0.156582 0.237849 0.218316
0 0.682523 0.647179 0.119959 0.182339
0 0.561531 0.710548 0.119959 0.047424
0 0.619442 0.816844 0.237849 0.161897
0 0.618925 0.930499 0.234747 0.068684
0 0.916753 0.894522 0.120993 0.044154
0 0.917787 0.945626 0.120993 0.053148
0 0.081179 0.544971 0.116856 0.179068
0 0.201655 0.644726 0.122027 0.107114
0 0.197001 0.746934 0.120993 0.095666
0 0.079111 0.713001 0.112720 0.160262
0 0.141158 0.849959 0.243020 0.112020
0 0.319028 0.899019 0.116856 0.133279
0 0.140641 0.938267 0.244054 0.067866
0 0.797311 0.850777 0.109617 0.237939