0 0.241601 0.284214 0.121542 0.077480
0 0.359684 0.783490 0.124506 0.089790
0 0.235672 0.694786 0.121542 0.133961
0 0.364625 0.525344 0.124506 0.084721
0 0.369565 0.224475 0.120553 0.107169
0 0.823123 0.191166 0.262846 0.269370
0 0.819664 0.397900 0.269763 0.146995
0 0.817194 0.551050 0.272727 0.160753
0 0.818676 0.680304 0.277668 0.100652
0 0.625988 0.178856 0.121542 0.243302
0 0.620059 0.514120 0.123518 0.433020
0 0.754941 0.855539 0.407115 0.251267
0 0.492095 0.557567 0.124506 0.199855
0 0.486166 0.748733 0.124506 0.178132
0 0.487154 0.910210 0.134387 0.144823