0 0.207859 0.121671 0.115034 0.188246
0 0.921412 0.496786 0.129841 0.936639
0 0.800114 0.338384 0.117312 0.120294
0 0.742027 0.535354 0.235763 0.268136
0 0.564351 0.485767 0.110478 0.077135
0 0.565490 0.596878 0.112756 0.146924
0 0.388383 0.587236 0.234624 0.191919
0 0.682232 0.817264 0.348519 0.293848
0 0.388383 0.741047 0.225513 0.110193
0 0.390091 0.881543 0.231207 0.170799
0 0.093964 0.882920 0.121868 0.166208
0 0.212984 0.770891 0.113895 0.039486
0 0.212984 0.807163 0.116173 0.036731
0 0.211276 0.848026 0.117312 0.043159
0 0.212415 0.917355 0.124146 0.093664