0 0.494134 0.136396 0.921480 0.234923
0 0.887635 0.306101 0.132671 0.101683
0 0.888087 0.380435 0.131769 0.049790
0 0.888538 0.433380 0.139892 0.053296
0 0.888538 0.479663 0.143502 0.044881
0 0.888538 0.529804 0.143502 0.049790
0 0.886733 0.576087 0.143502 0.042777
0 0.887635 0.620266 0.136282 0.048387
0 0.888538 0.671108 0.139892 0.050491
0 0.889440 0.719846 0.132671 0.044180
0 0.889440 0.767181 0.136282 0.044881
0 0.885830 0.813464 0.136282 0.040673
0 0.887635 0.858696 0.136282 0.044180
0 0.884928 0.907784 0.138087 0.048387
0 0.884477 0.956171 0.128159 0.039972