0 0.442950 0.735664 0.236549 0.156643
0 0.440631 0.209441 0.239332 0.260839
0 0.198516 0.189860 0.257885 0.237063
0 0.440631 0.206643 0.237477 0.260839
0 0.743043 0.178671 0.367347 0.211888
0 0.747217 0.487762 0.362709 0.402098
0 0.807978 0.793007 0.241187 0.211189
0 0.621985 0.810140 0.115955 0.251049
0 0.864564 0.932867 0.126160 0.067133
0 0.739796 0.932867 0.117811 0.067133
0 0.620594 0.953846 0.118738 0.032168
0 0.500928 0.924126 0.122449 0.093007
0 0.377087 0.923427 0.123377 0.094406
0 0.258349 0.934615 0.115955 0.067832
0 0.138683 0.935315 0.125232 0.076224
0 0.199443 0.838811 0.244898 0.115385
0 0.200371 0.651748 0.243043 0.253147
0 0.195733 0.417483 0.256030 0.218182