0 0.410909 0.732262 0.132727 0.145917
0 0.274545 0.272088 0.130909 0.134538
0 0.548182 0.140562 0.132727 0.168675
0 0.686364 0.127175 0.132727 0.133869
0 0.687727 0.371486 0.137273 0.348059
0 0.687273 0.569946 0.140000 0.046185
0 0.686364 0.616801 0.138182 0.046185
0 0.681818 0.662985 0.136364 0.054217
0 0.681818 0.747323 0.140000 0.115797
0 0.681818 0.830656 0.140000 0.052209
0 0.682727 0.900937 0.138182 0.087015
0 0.826364 0.108434 0.138182 0.100402
0 0.825455 0.337015 0.140000 0.351406
0 0.825909 0.531794 0.140909 0.040830
0 0.820455 0.572289 0.140909 0.038822
0 0.823182 0.619478 0.142727 0.062249
0 0.827273 0.690763 0.147273 0.081660
0 0.825455 0.761714 0.147273 0.056225
0 0.820909 0.810910 0.145455 0.042169
0 0.827273 0.849732 0.147273 0.036814
0 0.821818 0.908969 0.147273 0.085676