0 0.258716 0.480792 0.130745 0.320528
0 0.833994 0.216987 0.257528 0.345138
0 0.129952 0.519808 0.126783 0.052821
0 0.129952 0.617647 0.126783 0.140456
0 0.131141 0.829232 0.130745 0.282713
0 0.898574 0.416867 0.126783 0.059424
0 0.896197 0.469688 0.126783 0.047419
0 0.895008 0.516807 0.130745 0.046819
0 0.895008 0.574130 0.132330 0.072629
0 0.896197 0.640156 0.126783 0.059424
0 0.894612 0.697779 0.128368 0.052221
0 0.896593 0.750300 0.124406 0.057623
0 0.894612 0.806723 0.126783 0.058824
0 0.894612 0.857143 0.125198 0.044418
0 0.894612 0.904262 0.125198 0.052221
0 0.893027 0.952281 0.126783 0.041417
0 0.446910 0.154862 0.259905 0.219688