0 0.501107 0.523558 0.129568 0.184403
0 0.504430 0.162063 0.386489 0.190902
0 0.183278 0.200244 0.258029 0.259139
0 0.181617 0.387084 0.254707 0.104793
0 0.178848 0.492689 0.255814 0.104793
0 0.178295 0.590983 0.254707 0.088546
0 0.178295 0.699431 0.254707 0.118603
0 0.179956 0.814785 0.258029 0.107230
0 0.175526 0.910642 0.260244 0.081235
0 0.828904 0.237612 0.255814 0.340374
0 0.830011 0.474005 0.258029 0.137287
0 0.761905 0.562957 0.126246 0.043867
0 0.890919 0.564582 0.133998 0.043867
0 0.826135 0.656377 0.263566 0.138099
0 0.826689 0.760764 0.269103 0.067425
0 0.830011 0.827376 0.269103 0.067425
0 0.827796 0.906174 0.271318 0.083672