0 0.616757 0.404453 0.126486 0.188664
0 0.364865 0.405668 0.126486 0.181377
0 0.495676 0.135628 0.126486 0.149798
0 0.181622 0.267611 0.252973 0.415385
0 0.808108 0.100405 0.256216 0.072874
0 0.807568 0.163563 0.252973 0.053441
0 0.811351 0.261134 0.258378 0.140081
0 0.810270 0.365992 0.256216 0.069636
0 0.807568 0.433198 0.255135 0.066397
0 0.806486 0.510121 0.252973 0.084211
0 0.807568 0.590688 0.255135 0.078543
0 0.864865 0.686640 0.123243 0.110121
0 0.742162 0.669636 0.124324 0.077733
0 0.743243 0.743725 0.122162 0.072065
0 0.867568 0.791903 0.122162 0.102024
0 0.867568 0.896761 0.135135 0.101215
0 0.738378 0.801619 0.129730 0.053441
0 0.740541 0.887449 0.127568 0.111741
0 0.177297 0.523077 0.248649 0.098785
0 0.174054 0.620243 0.248649 0.087449
0 0.176757 0.700810 0.251892 0.075304
0 0.174054 0.780567 0.244324 0.076113
0 0.111892 0.853036 0.128649 0.063968
0 0.240541 0.862753 0.122162 0.078543
0 0.114054 0.911741 0.132973 0.050202
0 0.495135 0.138462 0.121081 0.148988