0 0.625271 0.797002 0.124729 0.114263
0 0.630694 0.285251 0.129067 0.171799
0 0.630694 0.126823 0.131236 0.141815
0 0.626356 0.673420 0.126898 0.128039
0 0.628525 0.530389 0.124729 0.154781
0 0.629610 0.284036 0.126898 0.167747
0 0.629067 0.129254 0.125813 0.138574
0 0.819957 0.363047 0.234273 0.071313
0 0.818330 0.194489 0.254881 0.267423
0 0.818330 0.364668 0.257050 0.071313
0 0.819414 0.449352 0.252711 0.093193
0 0.818330 0.555916 0.257050 0.116694
0 0.879067 0.649109 0.133406 0.069692
0 0.751085 0.668963 0.124729 0.111021
0 0.877440 0.738655 0.130152 0.114263
0 0.877983 0.840357 0.124729 0.089141
0 0.875813 0.912480 0.133406 0.053485
0 0.748915 0.777958 0.124729 0.108590
0 0.748915 0.857780 0.124729 0.049433
0 0.749458 0.912075 0.125813 0.055916
0 0.629610 0.128039 0.124729 0.139384
0 0.629610 0.284036 0.124729 0.169368
0 0.629067 0.412075 0.127983 0.086710
0 0.625813 0.529984 0.125813 0.153971
0 0.625813 0.671799 0.119306 0.129660
0 0.624187 0.797407 0.124729 0.115073