0 0.743521 0.533630 0.128510 0.179092
0 0.241901 0.425851 0.125270 0.177472
0 0.493521 0.180308 0.347732 0.221232
0 0.180886 0.120340 0.242981 0.093193
0 0.180886 0.214749 0.247300 0.090762
0 0.180886 0.299838 0.247300 0.076175
0 0.805076 0.094814 0.242981 0.051864
0 0.805076 0.145057 0.251620 0.051864
0 0.807235 0.305511 0.251620 0.269044
0 0.869330 0.653566 0.125270 0.119125
0 0.870950 0.764587 0.128510 0.094814
0 0.872030 0.845219 0.128510 0.071313
0 0.120410 0.375203 0.130670 0.077796
0 0.118251 0.444895 0.128510 0.064830
0 0.116631 0.501621 0.127430 0.051864
0 0.117711 0.556321 0.125270 0.055916
0 0.117711 0.612237 0.125270 0.055916
0 0.116631 0.751216 0.127430 0.225284