0 0.879590 0.880741 0.128510 0.114424
0 0.753780 0.881547 0.118790 0.114424
0 0.880670 0.763497 0.126350 0.115230
0 0.757019 0.765109 0.120950 0.115230
0 0.629050 0.815471 0.124190 0.154714
0 0.629590 0.673650 0.127430 0.125705
0 0.633909 0.531829 0.125270 0.153102
0 0.633369 0.373489 0.124190 0.170024
0 0.633909 0.215552 0.129590 0.141015
0 0.197624 0.116841 0.246220 0.107977
0 0.822894 0.450040 0.248380 0.071716
0 0.757019 0.103546 0.371490 0.091056
0 0.634449 0.217566 0.130670 0.135375
0 0.632829 0.371475 0.127430 0.172442
0 0.632289 0.534649 0.130670 0.150685
0 0.631210 0.672039 0.128510 0.124093
0 0.630130 0.817486 0.132829 0.160355
0 0.757019 0.762691 0.120950 0.123288
0 0.880130 0.761080 0.120950 0.120064
0 0.755400 0.882353 0.122030 0.111201
0 0.881210 0.883562 0.127430 0.118453
0 0.820734 0.647462 0.246220 0.112006
0 0.825054 0.537873 0.248380 0.108783
0 0.825054 0.448026 0.254860 0.074134
0 0.825594 0.280822 0.255940 0.261886