0 0.620743 0.244243 0.244582 0.409539
0 0.144479 0.379112 0.235294 0.156250
0 0.142931 0.557566 0.234262 0.175987
0 0.147575 0.693257 0.239422 0.083882
0 0.147059 0.798520 0.240454 0.126645
0 0.148607 0.908306 0.235294 0.086349
0 0.318369 0.606497 0.118679 0.091283
0 0.442724 0.744655 0.125903 0.240954
0 0.562951 0.912007 0.116615 0.093750
0 0.324045 0.700247 0.113519 0.091283
0 0.325077 0.793174 0.115583 0.097862
0 0.324561 0.898849 0.116615 0.108553
0 0.440660 0.890214 0.121775 0.046875
0 0.444272 0.935033 0.120743 0.046053
0 0.862745 0.802632 0.239422 0.314145