0 0.332447 0.815966 0.140957 0.259082
0 0.865027 0.129541 0.139628 0.104207
0 0.864362 0.235182 0.135638 0.105163
0 0.865027 0.336998 0.134309 0.098470
0 0.864362 0.422084 0.135638 0.071702
0 0.864362 0.479446 0.135638 0.043021
0 0.864362 0.523423 0.132979 0.041109
0 0.864362 0.566444 0.138298 0.046845
0 0.864362 0.617113 0.132979 0.052581
0 0.864362 0.696463 0.138298 0.104207
0 0.865027 0.800669 0.142287 0.108031
0 0.865027 0.901530 0.134309 0.087954
0 0.733378 0.606597 0.128989 0.077438
0 0.664229 0.706501 0.259309 0.116635
0 0.665559 0.809273 0.269947 0.086998
0 0.664229 0.902008 0.267287 0.088910
0 0.133644 0.271989 0.256649 0.054493
0 0.133644 0.329350 0.256649 0.050669
0 0.132979 0.382887 0.257979 0.052581
0 0.130984 0.440249 0.259309 0.054493
0 0.132979 0.495220 0.257979 0.047801
0 0.131649 0.551147 0.260638 0.058317
0 0.134309 0.615679 0.257979 0.065010
0 0.134309 0.694073 0.257979 0.089866
0 0.134973 0.791587 0.264628 0.101338
0 0.133644 0.896272 0.256649 0.106119
0 0.330452 0.815488 0.139628 0.260038