0 0.425581 0.298046 0.136744 0.220847
0 0.703256 0.087948 0.139535 0.058632
0 0.700000 0.219218 0.140465 0.206515
0 0.703256 0.345928 0.139535 0.045603
0 0.702791 0.389902 0.140465 0.047557
0 0.702326 0.438762 0.139535 0.047557
0 0.840930 0.311075 0.139535 0.054072
0 0.839070 0.360586 0.139535 0.050163
0 0.840930 0.430293 0.146977 0.093160
0 0.835814 0.666775 0.133023 0.085342
0 0.844186 0.736482 0.136744 0.047557
0 0.702791 0.693160 0.140465 0.040391
0 0.702326 0.582736 0.143256 0.035831
0 0.844186 0.536808 0.140465 0.058632
0 0.838605 0.596743 0.140465 0.061238