0 0.287306 0.485541 0.438953 0.332213
0 0.804748 0.106927 0.301357 0.146604
0 0.804748 0.231675 0.297481 0.104237
0 0.806686 0.335239 0.301357 0.097512
0 0.805717 0.438130 0.303295 0.105582
0 0.807655 0.541695 0.307171 0.104237
0 0.806686 0.712508 0.305233 0.234701
0 0.805717 0.882650 0.307171 0.106927
0 0.582364 0.106927 0.143411 0.149294
0 0.581395 0.279085 0.149225 0.196369
0 0.583333 0.457297 0.145349 0.164089
0 0.582364 0.600202 0.151163 0.127102
0 0.578488 0.771688 0.147287 0.214526
0 0.579457 0.904506 0.149225 0.052455
0 0.434109 0.793880 0.147287 0.129792