0 0.512931 0.167344 0.377155 0.190089
0 0.200970 0.162063 0.253233 0.174655
0 0.199892 0.303006 0.251078 0.102356
0 0.200970 0.404143 0.253233 0.099919
0 0.199892 0.515435 0.251078 0.116166
0 0.200970 0.631194 0.253233 0.113729
0 0.198815 0.736799 0.251078 0.090983
0 0.198815 0.811942 0.251078 0.060926
0 0.200970 0.899269 0.255388 0.112104
0 0.823815 0.196182 0.255388 0.249391
0 0.825970 0.369212 0.253233 0.090171
0 0.827047 0.480504 0.251078 0.127539
0 0.764009 0.564988 0.125000 0.046304
0 0.890086 0.567831 0.122845 0.050366
0 0.826509 0.660845 0.250000 0.135662
0 0.828125 0.765232 0.253233 0.066613
0 0.827586 0.840374 0.256466 0.078798
0 0.825431 0.915110 0.258621 0.073924