0 0.487138 0.174175 0.378349 0.209976
0 0.486066 0.342317 0.125402 0.123089
0 0.797428 0.217216 0.248660 0.292840
0 0.799571 0.434433 0.246517 0.135157
0 0.797428 0.539421 0.246517 0.074819
0 0.794748 0.607804 0.251876 0.069992
0 0.796892 0.690265 0.247588 0.088496
0 0.792605 0.770314 0.245445 0.071601
0 0.177921 0.244972 0.248660 0.353178
0 0.174705 0.477072 0.240086 0.099759
0 0.172026 0.571199 0.247588 0.088496
0 0.172026 0.656879 0.245445 0.074819
0 0.172026 0.735318 0.245445 0.082060
0 0.110397 0.835076 0.122186 0.112631
0 0.732583 0.838697 0.123258 0.068383
0 0.856913 0.852776 0.121115 0.088496
0 0.735263 0.908689 0.126474 0.068383
0 0.860129 0.923170 0.121115 0.050684
0 0.484995 0.392196 0.121115 0.227675