0 0.433768 0.317904 0.127036 0.199127
0 0.838219 0.388210 0.234528 0.664629
0 0.664495 0.426201 0.112921 0.139738
0 0.666667 0.522707 0.115092 0.048035
0 0.669924 0.573362 0.115092 0.048035
0 0.088491 0.097380 0.111835 0.086463
0 0.545060 0.071179 0.115092 0.030568
0 0.089034 0.187336 0.112921 0.091703
0 0.086862 0.253275 0.115092 0.038428
0 0.087405 0.294323 0.114007 0.040175
0 0.089034 0.358079 0.117264 0.085590
0 0.089577 0.420524 0.118350 0.042795
0 0.089034 0.509170 0.117264 0.134498
0 0.089034 0.647162 0.117264 0.136245
0 0.088491 0.758952 0.118350 0.089083
0 0.089034 0.846288 0.121607 0.083843
0 0.089577 0.912227 0.118350 0.048035
0 0.088491 0.953275 0.118350 0.030568
0 0.205755 0.857205 0.109663 0.035808
0 0.205755 0.921834 0.109663 0.086463
0 0.899566 0.869432 0.114007 0.042795