0 0.452236 0.167079 0.121951 0.225248
0 0.217988 0.205033 0.118902 0.146040
0 0.688008 0.204208 0.113821 0.147690
0 0.688008 0.167079 0.123984 0.223597
0 0.453760 0.210396 0.118902 0.158416
0 0.216972 0.165429 0.120935 0.226898
0 0.866870 0.647690 0.237805 0.183168
0 0.865346 0.854373 0.232724 0.225248
0 0.686484 0.716997 0.116870 0.090759
0 0.629065 0.816419 0.237805 0.099835
0 0.632114 0.920792 0.237805 0.097360
0 0.097053 0.465347 0.116870 0.178218
0 0.096037 0.644389 0.112805 0.179868
0 0.097053 0.803630 0.120935 0.133663
0 0.093496 0.918729 0.117886 0.096535
0 0.213923 0.781353 0.112805 0.201320
0 0.215447 0.924505 0.115854 0.088284
0 0.334858 0.939356 0.120935 0.050330