0 0.190965 0.135280 0.119097 0.178454
0 0.070329 0.828947 0.116016 0.268092
0 0.350103 0.153372 0.195072 0.102796
0 0.604209 0.252056 0.296715 0.303454
0 0.861910 0.222862 0.202259 0.246711
0 0.349589 0.557566 0.196099 0.133224
0 0.297741 0.300576 0.094456 0.073191
0 0.398871 0.354030 0.097536 0.122533
0 0.297741 0.713816 0.092402 0.077303
0 0.351129 0.924342 0.199179 0.077303
0 0.704825 0.523849 0.091376 0.088816
0 0.706366 0.689556 0.094456 0.066612
0 0.503593 0.896793 0.099589 0.129112
0 0.811088 0.693668 0.098563 0.066612
0 0.912218 0.621711 0.101643 0.087171
0 0.861910 0.874178 0.202259 0.182566