0 0.822995 0.729150 0.251337 0.049393
0 0.201070 0.746559 0.252406 0.087449
0 0.202139 0.579352 0.250267 0.086640
0 0.203743 0.475709 0.251337 0.127126
0 0.825134 0.226721 0.251337 0.080972
0 0.825668 0.661943 0.252406 0.078543
0 0.201604 0.661943 0.244920 0.080162
0 0.826203 0.577733 0.253476 0.086640
0 0.828342 0.489474 0.253476 0.085020
0 0.826738 0.400000 0.250267 0.087449
0 0.827807 0.312955 0.250267 0.086640
0 0.262032 0.237652 0.372193 0.340891
0 0.202139 0.473279 0.256684 0.127126
0 0.200535 0.582591 0.253476 0.086640
0 0.198396 0.663563 0.251337 0.078543
0 0.200535 0.747368 0.253476 0.089069
0 0.198396 0.825911 0.251337 0.072874
0 0.196257 0.903644 0.249198 0.080972
0 0.824064 0.129555 0.247059 0.121457
0 0.825134 0.229555 0.253476 0.075304
0 0.824064 0.311741 0.253476 0.087449
0 0.825134 0.403644 0.255615 0.089879
0 0.824064 0.491903 0.253476 0.086640
0 0.822995 0.578138 0.251337 0.089069
0 0.821925 0.660324 0.253476 0.086640
0 0.820321 0.726316 0.256684 0.055061
0 0.822460 0.799595 0.258824 0.086640
0 0.821925 0.892308 0.251337 0.103644