0 0.506466 0.165316 0.377155 0.191248
0 0.195582 0.226094 0.253233 0.314425
0 0.192888 0.450162 0.247845 0.125608
0 0.190733 0.566856 0.247845 0.104538
0 0.192888 0.683549 0.245690 0.123987
0 0.190733 0.808347 0.250000 0.111021
0 0.190733 0.908023 0.245690 0.086710
0 0.820043 0.193274 0.247845 0.253647
0 0.818427 0.363047 0.251078 0.085900
0 0.818966 0.469611 0.245690 0.127229
0 0.756466 0.558752 0.125000 0.047812
0 0.881466 0.559968 0.125000 0.051864
0 0.818427 0.655186 0.251078 0.136953
0 0.818427 0.758104 0.255388 0.068882
0 0.815733 0.825365 0.250000 0.068882
0 0.816272 0.901540 0.251078 0.080227