0 0.215084 0.216758 0.115084 0.353370
0 0.445251 0.213570 0.117318 0.132058
0 0.674302 0.126138 0.115084 0.172131
0 0.332402 0.360200 0.117318 0.099271
0 0.560894 0.224954 0.116201 0.154827
0 0.500000 0.091530 0.226816 0.104736
0 0.787151 0.142077 0.110615 0.036430
0 0.788268 0.211293 0.115084 0.091075
0 0.731844 0.394809 0.230168 0.263206
0 0.562011 0.556466 0.111732 0.220401
0 0.446369 0.416211 0.110615 0.052823
0 0.560335 0.397996 0.115084 0.094718
0 0.733520 0.596995 0.226816 0.144809
0 0.389944 0.594718 0.227933 0.191257
0 0.159218 0.749545 0.237989 0.418944
0 0.393855 0.826047 0.231285 0.271403
0 0.676536 0.813752 0.343017 0.285064
0 0.560335 0.326503 0.115084 0.048270
0 0.902793 0.499545 0.116201 0.911658