0 0.392435 0.096952 0.288416 0.056732
0 0.177305 0.096528 0.141844 0.054191
0 0.176714 0.151143 0.140662 0.056732
0 0.177305 0.219306 0.141844 0.072820
0 0.177305 0.290855 0.141844 0.066892
0 0.176123 0.359018 0.139480 0.069433
0 0.177305 0.430991 0.141844 0.069433
0 0.177305 0.509314 0.141844 0.080440
0 0.177305 0.594412 0.141844 0.088061
0 0.178487 0.690093 0.144208 0.103302
0 0.179669 0.792125 0.146572 0.099069
0 0.820331 0.642676 0.293144 0.199831
0 0.752364 0.855207 0.436170 0.213378
0 0.891844 0.529636 0.157210 0.033023