0 0.440644 0.173295 0.585513 0.232955
0 0.091549 0.852273 0.110664 0.165584
0 0.092555 0.955763 0.112676 0.036526
0 0.208753 0.929383 0.121730 0.084416
0 0.905433 0.149351 0.116700 0.050325
0 0.907445 0.222808 0.116700 0.096591
0 0.908954 0.294643 0.117706 0.040584
0 0.910463 0.359172 0.114688 0.086851
0 0.907948 0.490666 0.115694 0.177760
0 0.794266 0.525974 0.113682 0.113636
0 0.671529 0.700893 0.113682 0.086851
0 0.676559 0.792208 0.117706 0.094156
0 0.675553 0.905032 0.111670 0.131494
0 0.852113 0.666802 0.227364 0.176136
0 0.853622 0.865260 0.230382 0.222403
0 0.320926 0.302760 0.110664 0.024351