0 0.357548 0.201049 0.129398 0.305944
0 0.820658 0.503934 0.267877 0.918706
0 0.622588 0.291958 0.132804 0.160839
0 0.556186 0.442308 0.258797 0.136364
0 0.556754 0.589598 0.257662 0.161713
0 0.557321 0.817308 0.261067 0.291958
0 0.360953 0.513112 0.129398 0.038462
0 0.361521 0.559878 0.135074 0.053322
0 0.294552 0.647290 0.262202 0.128497
0 0.296254 0.838287 0.261067 0.250000
0 0.097616 0.735140 0.136209 0.040210
0 0.098751 0.775787 0.138479 0.042832
0 0.099319 0.829983 0.137344 0.063811
0 0.097049 0.914773 0.137344 0.104021