0 0.632086 0.826087 0.130481 0.117552
0 0.822995 0.608696 0.247059 0.051530
0 0.635294 0.708535 0.126203 0.112721
0 0.826203 0.535829 0.247059 0.081320
0 0.635829 0.588567 0.125134 0.123994
0 0.826203 0.452496 0.247059 0.085346
0 0.637433 0.467391 0.124064 0.115137
0 0.454011 0.207729 0.247059 0.285024
0 0.763102 0.237520 0.371123 0.342995
0 0.637968 0.468196 0.118717 0.116747
0 0.635829 0.588567 0.122995 0.120773
0 0.635829 0.706924 0.122995 0.111111
0 0.635829 0.824477 0.129412 0.119163
0 0.822995 0.452496 0.253476 0.085346
0 0.825134 0.539050 0.249198 0.087762
0 0.825134 0.608293 0.249198 0.050725
0 0.821925 0.697262 0.247059 0.122383
0 0.818717 0.797907 0.247059 0.082126
0 0.820856 0.889694 0.249198 0.104670