0 0.544099 0.473346 0.131677 0.169118
0 0.345963 0.102022 0.259627 0.049632
0 0.144720 0.122243 0.132919 0.093750
0 0.141615 0.242647 0.136646 0.141544
0 0.141615 0.364890 0.136646 0.101103
0 0.141615 0.459559 0.136646 0.091912
0 0.141615 0.555607 0.131677 0.096507
0 0.140994 0.660846 0.132919 0.112132
0 0.141615 0.794118 0.136646 0.150735
0 0.745342 0.182904 0.268323 0.213235
0 0.745342 0.382353 0.268323 0.183824
0 0.746584 0.542739 0.273292 0.136949
0 0.751553 0.681526 0.273292 0.138787
0 0.677640 0.763327 0.130435 0.028493
0 0.814286 0.814338 0.140373 0.130515