0 0.186825 0.646371 0.246220 0.049194
0 0.816955 0.470161 0.253780 0.091935
0 0.816415 0.562097 0.250540 0.088710
0 0.187905 0.565726 0.250540 0.105645
0 0.502160 0.342742 0.125270 0.140323
0 0.187365 0.369355 0.247300 0.290323
0 0.188985 0.566935 0.248380 0.104839
0 0.188985 0.645968 0.250540 0.050000
0 0.184665 0.722581 0.248380 0.100000
0 0.183585 0.831855 0.252700 0.110484
0 0.180886 0.917339 0.253780 0.060484
0 0.819114 0.285081 0.251620 0.126613
0 0.818035 0.386694 0.255940 0.079839
0 0.818035 0.469355 0.258099 0.087097
0 0.819654 0.559677 0.257019 0.090323
0 0.817495 0.650000 0.257019 0.088710
0 0.816955 0.715726 0.255940 0.044355
0 0.818035 0.800000 0.260259 0.124194
0 0.818035 0.902823 0.264579 0.079839
0 0.498920 0.146371 0.889849 0.158871