0 0.415060 0.334964 0.134068 0.201566
0 0.553260 0.133725 0.136823 0.125245
0 0.550964 0.212655 0.139578 0.039139
0 0.830579 0.441618 0.134986 0.088715
0 0.828283 0.323549 0.139578 0.050881
0 0.691001 0.100783 0.140496 0.055447
0 0.832415 0.606327 0.134986 0.059361
0 0.831497 0.546641 0.140496 0.054795
0 0.826905 0.681018 0.134986 0.086106
0 0.825069 0.749511 0.147842 0.054795
0 0.690542 0.596543 0.143251 0.047619
0 0.694215 0.351272 0.134068 0.043705
0 0.691001 0.396282 0.134986 0.047619
0 0.686410 0.449772 0.140496 0.051533
0 0.690083 0.703849 0.144169 0.040444