0 0.806383 0.829805 0.244681 0.045603
0 0.189362 0.817182 0.244681 0.083876
0 0.811170 0.762622 0.250000 0.083876
0 0.191489 0.733306 0.246809 0.080619
0 0.192553 0.541531 0.251064 0.125407
0 0.815426 0.677117 0.252128 0.085505
0 0.192553 0.649023 0.248936 0.083062
0 0.811702 0.590391 0.246809 0.083062
0 0.812234 0.501221 0.250000 0.092020
0 0.812766 0.409202 0.246809 0.083876
0 0.257447 0.232085 0.363830 0.346906
0 0.196277 0.443811 0.250000 0.073290
0 0.193617 0.545195 0.246809 0.124593
0 0.190957 0.651059 0.247872 0.085505
0 0.190957 0.733713 0.250000 0.078176
0 0.189362 0.815147 0.244681 0.083062
0 0.187234 0.899430 0.246809 0.082248
0 0.752660 0.212948 0.367021 0.308632
0 0.810638 0.410831 0.246809 0.085505
0 0.810106 0.502036 0.250000 0.090391
0 0.808511 0.590798 0.242553 0.085505
0 0.809043 0.676303 0.247872 0.085505
0 0.807979 0.760179 0.245745 0.085505
0 0.809043 0.828176 0.252128 0.050489
0 0.809043 0.896987 0.252128 0.085505