0 0.442686 0.079212 0.108079 0.112637
0 0.328057 0.230311 0.110262 0.116300
0 0.211790 0.231227 0.113537 0.107143
0 0.670306 0.082875 0.111354 0.108974
0 0.096070 0.741300 0.109170 0.048535
0 0.097162 0.786172 0.109170 0.041209
0 0.097162 0.879579 0.111354 0.149267
0 0.270197 0.546245 0.232533 0.206044
0 0.267467 0.800366 0.229258 0.302198
0 0.497271 0.475275 0.225983 0.267399
0 0.497817 0.781593 0.218341 0.347070
0 0.667031 0.301740 0.111354 0.090659
0 0.666485 0.373168 0.112445 0.061355
0 0.665939 0.460623 0.109170 0.104396
0 0.782751 0.275641 0.109170 0.472527
0 0.723253 0.733516 0.221616 0.437729
0 0.896834 0.490385 0.108079 0.923993