0 0.226019 0.134701 0.133094 0.210526
0 0.893885 0.500446 0.133094 0.911686
0 0.760192 0.172614 0.136691 0.111508
0 0.694245 0.294826 0.266187 0.132917
0 0.695444 0.457627 0.273381 0.187333
0 0.625899 0.757360 0.395683 0.410348
0 0.359113 0.631133 0.128297 0.043711
0 0.361511 0.673060 0.137890 0.040143
0 0.359712 0.749331 0.139089 0.101695
0 0.357314 0.881356 0.134293 0.169492
0 0.086930 0.895183 0.135492 0.143622
0 0.224221 0.729260 0.134293 0.041927
0 0.224221 0.766280 0.134293 0.035682
0 0.223022 0.807315 0.134293 0.033898
0 0.221823 0.861285 0.129496 0.066905
0 0.221223 0.930419 0.130695 0.074933