0 0.386023 0.514147 0.226079 0.133510
0 0.387899 0.210433 0.222326 0.279399
0 0.847561 0.526525 0.227955 0.913351
0 0.101782 0.115385 0.117261 0.089302
0 0.101313 0.182140 0.114447 0.044209
0 0.104128 0.269231 0.114447 0.131742
0 0.101313 0.379752 0.114447 0.087533
0 0.099437 0.448276 0.116323 0.045977
0 0.098030 0.494253 0.115385 0.045977
0 0.096623 0.541114 0.118199 0.045977
0 0.097561 0.586649 0.114447 0.045093
0 0.096623 0.632184 0.116323 0.042440
0 0.097092 0.676393 0.117261 0.044209
0 0.097092 0.763042 0.119137 0.129089
0 0.096623 0.851017 0.118199 0.046861
0 0.096623 0.916446 0.118199 0.082228
0 0.212946 0.919540 0.114447 0.091954
0 0.675891 0.100354 0.109756 0.059240
0 0.676360 0.820071 0.116323 0.135279
0 0.673546 0.912909 0.116323 0.050398
0 0.674015 0.959770 0.119137 0.048630
0 0.557223 0.958444 0.114447 0.054819