0 0.454981 0.337527 0.122605 0.212078
0 0.818008 0.283609 0.358238 0.455068
0 0.877874 0.639109 0.232759 0.248742
0 0.878831 0.814522 0.234674 0.096334
0 0.943008 0.909418 0.113985 0.092020
0 0.084770 0.638030 0.115900 0.097052
0 0.086686 0.732207 0.119732 0.088426
0 0.084770 0.808411 0.121648 0.063983
0 0.081897 0.872035 0.121648 0.053199
0 0.082854 0.929907 0.123563 0.055356
0 0.204981 0.949676 0.126437 0.089145
0 0.330460 0.921639 0.120690 0.145219
0 0.204502 0.858375 0.121648 0.090582
0 0.081418 0.514378 0.122605 0.144500
0 0.450192 0.966571 0.126437 0.055356