0 0.657649 0.206852 0.117537 0.141370
0 0.086754 0.197745 0.115672 0.260191
0 0.087687 0.355160 0.111940 0.065048
0 0.087687 0.472680 0.111940 0.173461
0 0.087220 0.581960 0.111007 0.045100
0 0.089552 0.644840 0.110075 0.082394
0 0.087687 0.713790 0.113806 0.053773
0 0.087687 0.787077 0.111940 0.085863
0 0.087687 0.875108 0.113806 0.088465
0 0.087687 0.944493 0.111940 0.048569
0 0.313433 0.816132 0.111940 0.296618
0 0.771455 0.150911 0.110075 0.173461
0 0.885261 0.190807 0.117537 0.254987
0 0.888526 0.443625 0.116604 0.169124
0 0.886194 0.578057 0.115672 0.099740
0 0.885261 0.706418 0.113806 0.160451
0 0.888993 0.833044 0.111940 0.094536
0 0.777052 0.891587 0.115672 0.142238
0 0.775187 0.889853 0.115672 0.142238
0 0.890392 0.924111 0.114739 0.087598