0 0.492965 0.186084 0.358225 0.215210
0 0.171537 0.101942 0.258658 0.050162
0 0.171537 0.145227 0.260823 0.038026
0 0.170996 0.187702 0.257576 0.050162
0 0.167749 0.391990 0.253247 0.355178
0 0.167208 0.616100 0.250000 0.089806
0 0.167208 0.711974 0.252165 0.095469
0 0.170455 0.798948 0.256494 0.078479
0 0.170455 0.898463 0.245671 0.114078
0 0.801407 0.099919 0.250000 0.047735
0 0.800325 0.144417 0.250000 0.044498
0 0.801407 0.190939 0.245671 0.046926
0 0.800866 0.394417 0.253247 0.360032
0 0.797619 0.599919 0.253247 0.047735
0 0.735931 0.659385 0.127706 0.064725
0 0.859848 0.836165 0.124459 0.118932
0 0.860931 0.925971 0.128788 0.055825
0 0.734848 0.819579 0.121212 0.252427