0 0.520975 0.113278 0.057823 0.072423
0 0.230159 0.637883 0.058957 0.076137
0 0.053855 0.450789 0.060091 0.084494
0 0.171202 0.270659 0.056689 0.078923
0 0.316327 0.190344 0.113379 0.098422
0 0.787415 0.180130 0.112245 0.150418
0 0.180272 0.093779 0.077098 0.092851
0 0.335034 0.095636 0.075964 0.089136
0 0.257370 0.094243 0.077098 0.090065
0 0.145125 0.900650 0.240363 0.170845
0 0.318594 0.692201 0.115646 0.056639
0 0.204082 0.793408 0.117914 0.036212
0 0.318594 0.738626 0.113379 0.038069
0 0.319728 0.791551 0.117914 0.065924
0 0.320295 0.908078 0.119048 0.163417
0 0.496599 0.523213 0.231293 0.231198
0 0.727324 0.502786 0.230159 0.270195
0 0.616780 0.809656 0.464853 0.345404
0 0.903628 0.508357 0.120181 0.946147
0 0.786281 0.329619 0.119048 0.090994