0 0.680102 0.346535 0.113265 0.150165
0 0.679082 0.194719 0.113265 0.153465
0 0.325000 0.175743 0.354082 0.275578
0 0.798469 0.563531 0.119388 0.169967
0 0.914796 0.523102 0.119388 0.227723
0 0.915816 0.745050 0.119388 0.216172
0 0.913776 0.895627 0.119388 0.086634
0 0.911735 0.953383 0.121429 0.027228
0 0.676531 0.712459 0.114286 0.157591
0 0.677041 0.881188 0.117347 0.179868
0 0.558673 0.874587 0.117347 0.189769
0 0.082143 0.631188 0.119388 0.221122
0 0.084184 0.854785 0.121429 0.222772
0 0.201531 0.898927 0.119388 0.136139