0 0.129726 0.854911 0.149935 0.170536
0 0.279661 0.134375 0.144720 0.168750
0 0.131682 0.199554 0.143416 0.300893
0 0.858540 0.086161 0.144720 0.070536
0 0.714472 0.186607 0.140808 0.276786
0 0.858540 0.151786 0.152542 0.057143
0 0.861799 0.215179 0.151239 0.069643
0 0.861147 0.297768 0.149935 0.100893
0 0.712516 0.426339 0.139505 0.204464
0 0.419817 0.293304 0.140808 0.031250
0 0.417210 0.426339 0.140808 0.031250
0 0.713168 0.614286 0.143416 0.169643
0 0.715776 0.807589 0.143416 0.218750
0 0.858540 0.516964 0.147327 0.333929
0 0.860495 0.734821 0.151239 0.101786
0 0.861799 0.834821 0.151239 0.100000
0 0.863755 0.909821 0.155150 0.048214