0 0.503236 0.160859 0.374326 0.192058
0 0.190939 0.155592 0.245955 0.173420
0 0.186084 0.303890 0.247033 0.121556
0 0.188242 0.415316 0.253506 0.094814
0 0.186624 0.516613 0.245955 0.106159
0 0.187702 0.619125 0.250270 0.095624
0 0.186624 0.711912 0.241640 0.080227
0 0.189860 0.792950 0.250270 0.080227
0 0.187163 0.886143 0.244876 0.099676
0 0.814995 0.186386 0.244876 0.243112
0 0.813916 0.357374 0.253506 0.090762
0 0.814455 0.469206 0.250270 0.123177
0 0.748652 0.553079 0.131607 0.042950
0 0.806365 0.651135 0.257821 0.138574
0 0.878101 0.553485 0.122977 0.045381
0 0.813916 0.752431 0.253506 0.067261
0 0.814995 0.821718 0.255663 0.066451
0 0.816613 0.897083 0.267530 0.084279