0 0.610934 0.591899 0.228238 0.218641
0 0.895966 0.437282 0.114650 0.088850
0 0.893843 0.505662 0.112527 0.042683
0 0.894904 0.548780 0.112527 0.043554
0 0.895966 0.592770 0.114650 0.042683
0 0.897028 0.659843 0.116773 0.091463
0 0.099257 0.092770 0.109342 0.044425
0 0.099788 0.202091 0.112527 0.175958
0 0.101911 0.318380 0.114650 0.032230
0 0.099788 0.347561 0.112527 0.026132
0 0.100849 0.415505 0.116773 0.114983
0 0.099788 0.496080 0.118896 0.044425
0 0.098726 0.560105 0.114650 0.081882
0 0.100849 0.694686 0.116773 0.187282
0 0.104034 0.815767 0.116773 0.047909
0 0.104034 0.888502 0.116773 0.094077
0 0.219214 0.902439 0.111465 0.050523
0 0.671975 0.881098 0.114650 0.094948
0 0.670913 0.949477 0.114650 0.036585
0 0.843418 0.904181 0.228238 0.141115
0 0.663482 0.148955 0.112527 0.179443
0 0.834395 0.220819 0.235669 0.323171