0 0.553364 0.477366 0.141531 0.098765
0 0.406032 0.299588 0.141531 0.138272
0 0.696636 0.253909 0.147332 0.129218
0 0.839907 0.185185 0.141531 0.269959
0 0.769142 0.411523 0.292343 0.186008
0 0.843968 0.640741 0.145012 0.050206
0 0.843968 0.694239 0.149652 0.056790
0 0.841647 0.781481 0.149652 0.116049
0 0.847448 0.895473 0.147332 0.108642
0 0.125290 0.901235 0.141531 0.095473
0 0.698376 0.922634 0.148492 0.051029
0 0.190835 0.170370 0.279582 0.113580
0 0.189675 0.318519 0.288863 0.186008
0 0.187355 0.483951 0.288863 0.141564
0 0.190255 0.589712 0.299304 0.071605