0 0.480519 0.177877 0.367965 0.217990
0 0.168831 0.121151 0.253247 0.104538
0 0.166667 0.240276 0.253247 0.125608
0 0.167749 0.351702 0.246753 0.095624
0 0.166667 0.447731 0.246753 0.091572
0 0.167208 0.532010 0.250000 0.075365
0 0.796537 0.093598 0.257576 0.054295
0 0.796537 0.145057 0.257576 0.051864
0 0.795996 0.306321 0.256494 0.273906
0 0.856602 0.625608 0.120130 0.058347
0 0.853896 0.710292 0.121212 0.114263
0 0.856602 0.519044 0.124459 0.151540
0 0.735931 0.478120 0.127706 0.069692
0 0.733225 0.549838 0.120130 0.075365
0 0.732684 0.664911 0.121212 0.151540
0 0.857143 0.803890 0.123377 0.077796
0 0.856602 0.868720 0.120130 0.053485
0 0.856061 0.923420 0.123377 0.049433
0 0.102814 0.610211 0.127706 0.076175
0 0.102814 0.675851 0.123377 0.059968
0 0.101732 0.742301 0.125541 0.063209
0 0.226190 0.623582 0.121212 0.080227