0 0.102156 0.230802 0.118088 0.194133
0 0.445173 0.178602 0.112465 0.039689
0 0.445173 0.226488 0.112465 0.056083
0 0.444705 0.276100 0.111528 0.043141
0 0.443768 0.337791 0.109653 0.080242
0 0.442830 0.446506 0.113402 0.042278
0 0.326617 0.547455 0.117151 0.135462
0 0.324274 0.657895 0.112465 0.083693
0 0.441425 0.683348 0.106842 0.088007
0 0.324274 0.743313 0.112465 0.083693
0 0.438613 0.769629 0.112465 0.081104
0 0.440956 0.909405 0.113402 0.084556
0 0.788191 0.421484 0.112465 0.085418
0 0.789597 0.492235 0.109653 0.052632
0 0.786785 0.581104 0.107779 0.118205
0 0.442362 0.497412 0.116214 0.052632
0 0.213215 0.499569 0.111528 0.046592
0 0.211809 0.736842 0.112465 0.177739
0 0.209466 0.870147 0.111528 0.083693
0 0.784442 0.684211 0.108716 0.081104
0 0.785848 0.743745 0.111528 0.037964
0 0.786317 0.785591 0.116214 0.044003
0 0.668229 0.773080 0.114339 0.075928
0 0.786317 0.830457 0.116214 0.044003
0 0.784442 0.893443 0.114339 0.085418
0 0.555764 0.936583 0.116214 0.040552
0 0.211809 0.933995 0.112465 0.037101