0 0.188699 0.626003 0.247335 0.048154
0 0.192431 0.547352 0.248401 0.107544
0 0.809701 0.576244 0.244136 0.088283
0 0.812367 0.487159 0.253731 0.088283
0 0.500000 0.152087 0.869936 0.156501
0 0.187100 0.360754 0.246269 0.262440
0 0.187633 0.548555 0.249467 0.106742
0 0.186034 0.625201 0.250533 0.044944
0 0.188166 0.701445 0.248401 0.104334
0 0.184435 0.807785 0.247335 0.111557
0 0.183369 0.903692 0.249467 0.080257
0 0.812367 0.335474 0.249467 0.210273
0 0.811301 0.489567 0.249467 0.093098
0 0.810768 0.579856 0.246269 0.085875
0 0.809701 0.668539 0.250533 0.088283
0 0.806503 0.733949 0.250533 0.039326
0 0.803838 0.787319 0.247335 0.065811
0 0.806503 0.880819 0.246269 0.119583