0 0.662634 0.565789 0.142473 0.250000
0 0.857527 0.083177 0.258065 0.062970
0 0.858199 0.145207 0.259409 0.061090
0 0.858199 0.207707 0.264785 0.067669
0 0.859543 0.269267 0.264785 0.059211
0 0.861559 0.327538 0.266129 0.059211
0 0.860215 0.381109 0.263441 0.047932
0 0.859543 0.437500 0.264785 0.053571
0 0.859543 0.492951 0.264785 0.057331
0 0.858871 0.552162 0.268817 0.061090
0 0.860215 0.609962 0.271505 0.054511
0 0.859543 0.687970 0.267473 0.097744
0 0.858199 0.787124 0.270161 0.094925
0 0.856183 0.886748 0.271505 0.096805
0 0.657258 0.568609 0.129032 0.248120
0 0.656586 0.761748 0.133065 0.138158
0 0.520161 0.718045 0.134409 0.225564
0 0.386425 0.901786 0.138441 0.072368