0 0.365362 0.177126 0.130486 0.121387
0 0.179122 0.161024 0.251483 0.211396
0 0.119217 0.302230 0.124555 0.071016
0 0.119217 0.357969 0.122183 0.047069
0 0.121590 0.497110 0.126928 0.229562
0 0.119217 0.654418 0.124555 0.081751
0 0.122183 0.742775 0.128114 0.088357
0 0.118624 0.829893 0.128114 0.085879
0 0.747331 0.199009 0.381969 0.289017
0 0.810202 0.379438 0.256228 0.071841
0 0.812574 0.449216 0.256228 0.064410
0 0.811981 0.537985 0.257414 0.109827
0 0.812574 0.640380 0.256228 0.093311
0 0.811981 0.819158 0.257414 0.260941