0 0.521091 0.765766 0.058642 0.057330
0 0.484568 0.160524 0.458848 0.239148
0 0.909979 0.687551 0.122428 0.199017
0 0.072016 0.502048 0.117284 0.140868
0 0.190329 0.591319 0.115226 0.083538
0 0.070473 0.624898 0.120370 0.091728
0 0.070473 0.753890 0.114198 0.162981
0 0.068930 0.882883 0.115226 0.085176
0 0.188786 0.935299 0.120370 0.047502
0 0.073560 0.944717 0.118313 0.033579
0 0.908951 0.875512 0.122428 0.180180
0 0.791667 0.807125 0.114198 0.131859
0 0.671811 0.824734 0.119342 0.096642
0 0.671811 0.918509 0.119342 0.092547
0 0.790123 0.919328 0.117284 0.094185