0 0.639901 0.509434 0.127483 0.172327
0 0.254967 0.295283 0.122517 0.283648
0 0.822434 0.171698 0.242550 0.142138
0 0.822848 0.260063 0.238411 0.039623
0 0.823675 0.302830 0.238411 0.040881
0 0.824089 0.366038 0.242550 0.080503
0 0.827401 0.440252 0.242550 0.065409
0 0.830712 0.492453 0.247517 0.042767
0 0.827401 0.540566 0.242550 0.050943
0 0.829884 0.611950 0.237583 0.089308
0 0.828228 0.702201 0.237583 0.084906
0 0.195364 0.838994 0.250000 0.225157
0 0.572434 0.832390 0.252483 0.249686
0 0.573262 0.213208 0.252483 0.215094
0 0.826573 0.869497 0.245861 0.167925