0 0.633858 0.209282 0.388076 0.269702
0 0.890889 0.217163 0.137233 0.127846
0 0.890889 0.345009 0.139483 0.115587
0 0.895951 0.487741 0.138358 0.169877
0 0.895951 0.634851 0.136108 0.120841
0 0.898200 0.720228 0.133858 0.055166
0 0.895951 0.774518 0.138358 0.046410
0 0.894263 0.827058 0.139483 0.051664
0 0.895388 0.887478 0.137233 0.067426
0 0.895388 0.948336 0.139483 0.049037
0 0.311024 0.921629 0.259843 0.097198
0 0.116985 0.945709 0.132733 0.054291
0 0.375703 0.804729 0.130484 0.131349
0 0.633858 0.774956 0.385827 0.406305