0 0.376033 0.197103 0.119835 0.146620
0 0.818182 0.208516 0.254132 0.343284
0 0.749483 0.816945 0.125000 0.202809
0 0.878099 0.799824 0.128099 0.131694
0 0.876033 0.881475 0.128099 0.029851
0 0.875517 0.922739 0.127066 0.050922
0 0.122934 0.079017 0.128099 0.082529
0 0.123450 0.135645 0.127066 0.030729
0 0.125000 0.173398 0.126033 0.048288
0 0.122417 0.258999 0.125000 0.128183
0 0.122934 0.344601 0.121901 0.044776
0 0.121384 0.392888 0.125000 0.044776
0 0.119835 0.441615 0.128099 0.049166
0 0.117769 0.488586 0.126033 0.044776
0 0.115702 0.559263 0.126033 0.098332
0 0.118285 0.626866 0.125000 0.035119
0 0.118285 0.666374 0.125000 0.043898
0 0.116736 0.712467 0.128099 0.043020
0 0.116219 0.759438 0.122934 0.049166
0 0.244318 0.753731 0.125000 0.102722
0 0.243802 0.852063 0.126033 0.092186
0 0.244835 0.920544 0.128099 0.043020
0 0.370351 0.918349 0.131198 0.050922
0 0.117252 0.808604 0.127066 0.040386