0 0.620430 0.841038 0.126882 0.116788
0 0.622043 0.719789 0.125806 0.128954
0 0.622043 0.459043 0.125806 0.129765
0 0.620430 0.590430 0.122581 0.128143
0 0.619892 0.334550 0.125806 0.117599
0 0.561828 0.119627 0.248387 0.107867
0 0.560215 0.196675 0.251613 0.042985
0 0.559677 0.247770 0.252688 0.052717
0 0.809677 0.249797 0.255914 0.368208
0 0.812903 0.480130 0.251613 0.084347
0 0.809677 0.572587 0.251613 0.098946
0 0.809140 0.664234 0.254839 0.081103
0 0.808602 0.771695 0.255914 0.128954
0 0.809140 0.894972 0.250538 0.111111
0 0.496237 0.403082 0.130108 0.246553
0 0.622043 0.337388 0.127957 0.116788
0 0.622581 0.457826 0.126882 0.130576
0 0.620430 0.588402 0.122581 0.128954
0 0.620968 0.716951 0.130108 0.123277
0 0.621505 0.840633 0.124731 0.119221