0 0.683616 0.588007 0.221469 0.218292
0 0.747458 0.184211 0.355932 0.209664
0 0.747458 0.383520 0.353672 0.187230
0 0.866102 0.595772 0.120904 0.232097
0 0.863277 0.808456 0.126554 0.182916
0 0.864972 0.931406 0.129944 0.066437
0 0.685876 0.830889 0.225989 0.269198
0 0.212994 0.222174 0.229379 0.278689
0 0.209040 0.468939 0.232768 0.213115
0 0.210169 0.684211 0.244068 0.210526
0 0.209605 0.833046 0.236158 0.083693
0 0.150847 0.914582 0.118644 0.070751
0 0.272881 0.914582 0.120904 0.075928
0 0.388701 0.829163 0.115254 0.084556
0 0.449718 0.921484 0.235028 0.086281