0 0.678965 0.112254 0.126652 0.170841
0 0.905286 0.152952 0.112335 0.066190
0 0.905286 0.224061 0.110132 0.074240
0 0.906938 0.302326 0.113436 0.080501
0 0.905286 0.371199 0.118943 0.059034
0 0.903634 0.418605 0.113436 0.039356
0 0.905837 0.479875 0.115639 0.074240
0 0.790198 0.265206 0.115639 0.049195
0 0.792401 0.327818 0.115639 0.070662
0 0.789097 0.397138 0.115639 0.066190
0 0.792952 0.474061 0.116740 0.087657
0 0.794604 0.739714 0.349119 0.436494
0 0.562225 0.688730 0.109031 0.082290
0 0.563877 0.790698 0.107930 0.125224
0 0.562775 0.906977 0.112335 0.098390
0 0.450441 0.776834 0.112335 0.031306
0 0.449339 0.826476 0.112335 0.062612
0 0.452093 0.906530 0.115639 0.097496