0 0.345882 0.179338 0.138824 0.245975
0 0.879412 0.408766 0.140000 0.654741
0 0.884118 0.847943 0.142353 0.220036
0 0.743529 0.195886 0.131765 0.162791
0 0.611765 0.235689 0.131765 0.088551
0 0.482353 0.458408 0.138824 0.464222
0 0.679412 0.383274 0.262353 0.194097
0 0.684118 0.658318 0.260000 0.357782
0 0.681765 0.897138 0.262353 0.123435
0 0.487059 0.724955 0.124706 0.068873
0 0.351765 0.464222 0.131765 0.157424
0 0.351765 0.611360 0.134118 0.135063
0 0.354118 0.721825 0.134118 0.078712
0 0.148824 0.758945 0.276471 0.403399
0 0.218824 0.508945 0.129412 0.085868