0 0.500579 0.121441 0.790509 0.161032
0 0.773727 0.739324 0.271991 0.464413
0 0.303819 0.256673 0.123843 0.048932
0 0.442708 0.408808 0.133102 0.064947
0 0.308449 0.673043 0.133102 0.095196
0 0.172454 0.781139 0.125000 0.090747
0 0.174769 0.852313 0.127315 0.042705
0 0.178241 0.901246 0.127315 0.046263
0 0.173032 0.508897 0.133102 0.053381
0 0.171875 0.550712 0.135417 0.037367
0 0.174190 0.597865 0.133102 0.048043
0 0.052083 0.595196 0.101852 0.042705
0 0.710648 0.364324 0.129630 0.105872
0 0.845486 0.443950 0.130787 0.122776