0 0.419166 0.178715 0.267275 0.291165
0 0.889179 0.106928 0.138201 0.147590
0 0.887875 0.198795 0.132986 0.040161
0 0.885919 0.242470 0.134289 0.037149
0 0.888527 0.296687 0.134289 0.055221
0 0.887875 0.358936 0.140808 0.057229
0 0.751630 0.178213 0.139505 0.290161
0 0.752282 0.359438 0.140808 0.058233
0 0.886571 0.407129 0.127771 0.039157
0 0.890482 0.470884 0.138201 0.076305
0 0.886571 0.550201 0.132986 0.076305
0 0.888527 0.617470 0.134289 0.050201
0 0.885267 0.745984 0.138201 0.188755
0 0.889179 0.894076 0.138201 0.097390
0 0.614733 0.800201 0.139505 0.279116
0 0.158409 0.307731 0.256845 0.408635
0 0.215776 0.735442 0.389831 0.430723