0 0.627273 0.612470 0.124111 0.152148
0 0.372727 0.119928 0.383399 0.158711
0 0.754941 0.129177 0.382609 0.177208
0 0.819368 0.314737 0.250593 0.191527
0 0.500791 0.731205 0.130435 0.455251
0 0.118182 0.511038 0.122530 0.049523
0 0.115810 0.561158 0.124111 0.053103
0 0.118182 0.617243 0.127273 0.065036
0 0.118182 0.678699 0.130435 0.060263
0 0.116601 0.737768 0.125692 0.060263
0 0.119763 0.796838 0.124111 0.056683
0 0.119763 0.846659 0.124111 0.047733
0 0.119763 0.892005 0.125692 0.047733
0 0.119763 0.937053 0.127273 0.042363
0 0.882609 0.491050 0.130435 0.159905
0 0.882609 0.855609 0.135178 0.138425
0 0.884190 0.941527 0.138340 0.035800