0 0.589552 0.216650 0.201493 0.121714
0 0.498756 0.298442 0.365672 0.123661
0 0.491294 0.154820 0.360697 0.140214
0 0.172886 0.150438 0.258706 0.185979
0 0.174129 0.313048 0.256219 0.135346
0 0.172886 0.497566 0.263682 0.239533
0 0.172264 0.666018 0.262438 0.091529
0 0.895522 0.087634 0.136816 0.050633
0 0.892413 0.137780 0.133085 0.047712
0 0.893035 0.185005 0.134328 0.052580
0 0.890547 0.257546 0.136816 0.088608
0 0.758706 0.254625 0.126866 0.390458
0 0.889925 0.332522 0.138060 0.057449
0 0.892413 0.381694 0.138060 0.044791
0 0.891169 0.426972 0.138060 0.045764
0 0.890547 0.473710 0.131841 0.045764
0 0.893035 0.519474 0.134328 0.047712
0 0.893657 0.566212 0.133085 0.047712
0 0.892413 0.611977 0.133085 0.041870
0 0.893035 0.654820 0.134328 0.041870
0 0.893657 0.698637 0.133085 0.045764
0 0.893657 0.766796 0.133085 0.084713
0 0.891791 0.836904 0.126866 0.045764
0 0.894279 0.883155 0.126866 0.044791
0 0.893657 0.930867 0.133085 0.044791
0 0.758706 0.475170 0.131841 0.054528
0 0.567786 0.860273 0.257463 0.172347
0 0.240050 0.762902 0.126866 0.102240
0 0.108831 0.826680 0.128109 0.229796
0 0.235697 0.878286 0.133085 0.124635
0 0.633085 0.628530 0.131841 0.088608
0 0.632463 0.699124 0.128109 0.050633
0 0.633085 0.750243 0.131841 0.047712