0 0.497616 0.167593 0.239571 0.214815
0 0.068534 0.143981 0.122765 0.223148
0 0.130513 0.364352 0.244338 0.219444
0 0.132300 0.540278 0.247914 0.134259
0 0.129917 0.658333 0.252682 0.107407
0 0.129321 0.843056 0.244338 0.254630
0 0.315852 0.725463 0.116806 0.247222
0 0.915375 0.143056 0.119190 0.215741
0 0.858760 0.375926 0.237187 0.238889
0 0.860548 0.568056 0.243147 0.152778
0 0.680572 0.718056 0.119190 0.293519
0 0.318236 0.915741 0.119190 0.111111
0 0.435042 0.937037 0.121573 0.048148
0 0.867104 0.805093 0.251490 0.321296
0 0.677592 0.916667 0.122765 0.101852