0 0.363464 0.833171 0.405815 0.246109
0 0.220607 0.230545 0.395702 0.215953
0 0.817320 0.125973 0.266751 0.137160
0 0.749684 0.269942 0.131479 0.137160
0 0.752845 0.381809 0.135272 0.076848
0 0.883059 0.237354 0.135272 0.079767
0 0.884324 0.308852 0.135272 0.059339
0 0.884956 0.366732 0.136536 0.058366
0 0.886852 0.438230 0.137800 0.082685
0 0.891909 0.510700 0.137800 0.050584
0 0.889381 0.588521 0.137800 0.103113
0 0.891909 0.698444 0.137800 0.112840
0 0.891277 0.854086 0.134008 0.194553
0 0.689001 0.810311 0.270544 0.284047
0 0.620733 0.453307 0.134008 0.058366