0 0.446095 0.201733 0.260726 0.335809
0 0.185919 0.636139 0.268427 0.283828
0 0.179318 0.869637 0.259626 0.179868
0 0.380088 0.823432 0.128713 0.120462
0 0.375688 0.917492 0.130913 0.079208
0 0.646315 0.726073 0.133113 0.189769
0 0.647415 0.538366 0.139714 0.182343
0 0.911441 0.231436 0.135314 0.393564
0 0.778878 0.229785 0.129813 0.060231
0 0.779978 0.345297 0.132013 0.169142
0 0.848735 0.630776 0.258526 0.382013
0 0.780528 0.891089 0.397140 0.136964
0 0.182618 0.234736 0.259626 0.080033
0 0.182618 0.417492 0.266227 0.138614