0 0.608414 0.351792 0.125135 0.148208
0 0.357605 0.346091 0.126214 0.146580
0 0.610032 0.212134 0.126214 0.129479
0 0.360841 0.208469 0.128371 0.125407
0 0.173679 0.084691 0.250270 0.048860
0 0.172060 0.133550 0.253506 0.048860
0 0.172060 0.293567 0.247033 0.269544
0 0.170442 0.478013 0.245955 0.087948
0 0.169364 0.572883 0.250270 0.096906
0 0.169364 0.670603 0.241640 0.090391
0 0.166127 0.751221 0.245955 0.072476
0 0.168824 0.833062 0.247033 0.083062
0 0.106257 0.908388 0.121899 0.072476
0 0.230852 0.909609 0.125135 0.074919
0 0.799892 0.214984 0.242718 0.301303
0 0.487594 0.104642 0.379720 0.085505
0 0.797195 0.388844 0.245955 0.041531
0 0.797195 0.474349 0.250270 0.124593
0 0.733010 0.561075 0.121899 0.048860
0 0.859223 0.562704 0.126214 0.048860
0 0.797735 0.656352 0.253506 0.136808
0 0.793420 0.759365 0.249191 0.065961
0 0.792880 0.828583 0.250270 0.072476
0 0.792880 0.903909 0.250270 0.083062
0 0.359763 0.211726 0.121899 0.122150
0 0.357605 0.344870 0.121899 0.142508
0 0.355448 0.467427 0.121899 0.097720
0 0.355448 0.555782 0.126214 0.067590
0 0.354908 0.624186 0.127292 0.070847
0 0.354908 0.685261 0.131607 0.052932
0 0.483819 0.193404 0.121899 0.090391
0 0.485976 0.264251 0.121899 0.056189
0 0.610032 0.212948 0.130529 0.129479
0 0.607335 0.351792 0.125135 0.146580
0 0.605717 0.481678 0.126214 0.111564
0 0.604639 0.595277 0.126214 0.112378
0 0.606796 0.683225 0.130529 0.058632