0 0.101584 0.310105 0.109972 0.121951
0 0.559180 0.481707 0.115564 0.127178
0 0.558714 0.603659 0.114632 0.121951
0 0.560112 0.690331 0.117428 0.047909
0 0.328052 0.735192 0.111836 0.081882
0 0.326188 0.796167 0.109972 0.041812
0 0.328518 0.840157 0.118360 0.039199
0 0.787978 0.378920 0.114632 0.041812
0 0.785648 0.421603 0.113700 0.043554
0 0.787978 0.502613 0.116496 0.095819
0 0.896552 0.910279 0.111836 0.095819
0 0.786114 0.574042 0.112768 0.043554
0 0.672414 0.392422 0.107176 0.051394
0 0.676142 0.440331 0.114632 0.044425
0 0.669618 0.509146 0.107176 0.086237
0 0.672414 0.576655 0.107176 0.047038
0 0.672880 0.631098 0.113700 0.058362
0 0.673346 0.701220 0.114632 0.066202
0 0.670084 0.800958 0.113700 0.131533
0 0.786580 0.629355 0.111836 0.056620
0 0.784716 0.672474 0.117428 0.027875
0 0.784250 0.729965 0.109040 0.078397
0 0.670550 0.900697 0.112768 0.066202
0 0.781920 0.913763 0.111836 0.043554
0 0.554986 0.934233 0.109040 0.044425
0 0.783318 0.793118 0.114632 0.046167
0 0.783318 0.853223 0.114632 0.065331
0 0.330382 0.266986 0.112768 0.086237
0 0.328052 0.902439 0.117428 0.060976