0 0.190991 0.158281 0.243243 0.190776
0 0.724324 0.168763 0.356757 0.213138
0 0.723874 0.572327 0.352252 0.198463
0 0.783333 0.779874 0.235135 0.209644
0 0.604054 0.795947 0.116216 0.251572
0 0.722072 0.917890 0.121622 0.064990
0 0.840090 0.921034 0.121622 0.067086
0 0.602703 0.936758 0.111712 0.027254
0 0.486937 0.742138 0.116216 0.416492
0 0.194144 0.423829 0.236937 0.213138
0 0.190991 0.698463 0.241441 0.323550
0 0.134234 0.892034 0.115315 0.062194
0 0.250901 0.892034 0.114414 0.064990
0 0.134234 0.939902 0.122523 0.034941
0 0.250901 0.939902 0.114414 0.034941