0 0.504237 0.057776 0.201271 0.047785
0 0.761123 0.370547 0.128178 0.079062
0 0.760064 0.455691 0.130297 0.084275
0 0.759534 0.517376 0.131356 0.042572
0 0.756356 0.560382 0.131356 0.041703
0 0.755297 0.637272 0.127119 0.105126
0 0.754767 0.733275 0.128178 0.085143
0 0.751589 0.841877 0.128178 0.128584
0 0.498411 0.421807 0.121822 0.124240
0 0.497881 0.513032 0.125000 0.047785
0 0.497352 0.558645 0.134534 0.038228
0 0.629767 0.620330 0.134534 0.088619
0 0.622352 0.809731 0.128178 0.288445
0 0.753178 0.922242 0.131356 0.028671
0 0.493114 0.766725 0.128178 0.376195
0 0.365466 0.624674 0.127119 0.649870
0 0.234640 0.657255 0.128178 0.584709