0 0.411184 0.270990 0.138158 0.077816
0 0.413534 0.082935 0.137218 0.081229
0 0.199718 0.111604 0.281015 0.135836
0 0.836936 0.092833 0.145677 0.106485
0 0.695489 0.108532 0.140977 0.144710
0 0.695959 0.214676 0.151316 0.074403
0 0.834117 0.493857 0.140038 0.086689
0 0.695019 0.594539 0.143797 0.098294
0 0.833647 0.685666 0.135338 0.088055
0 0.835996 0.758362 0.143797 0.049147
0 0.832237 0.804096 0.145677 0.049147
0 0.835056 0.847782 0.145677 0.035495
0 0.833647 0.904096 0.146617 0.082594
0 0.690320 0.672014 0.151316 0.053925
0 0.838816 0.322184 0.143797 0.141980
0 0.837876 0.588055 0.128759 0.096246
0 0.696429 0.312287 0.133459 0.060751