0 0.505203 0.813228 0.244537 0.321963
0 0.505203 0.358569 0.232050 0.184692
0 0.445890 0.148918 0.361082 0.229617
0 0.865245 0.296589 0.240375 0.087354
0 0.866805 0.520383 0.237253 0.360233
0 0.868366 0.836106 0.238293 0.272879
0 0.688345 0.507488 0.117586 0.099834
0 0.687825 0.626872 0.118626 0.138935
0 0.688345 0.740433 0.117586 0.091514
0 0.690427 0.834443 0.115505 0.091514
0 0.688345 0.927205 0.117586 0.092346
0 0.083767 0.496672 0.115505 0.226290
0 0.204475 0.564892 0.125911 0.096506
0 0.325702 0.635607 0.120708 0.111481
0 0.326223 0.748752 0.125911 0.114809
0 0.322581 0.853993 0.122789 0.094010
0 0.324142 0.933860 0.117586 0.069052
0 0.142040 0.715058 0.238293 0.205491
0 0.145161 0.892679 0.238293 0.148087