0 0.490928 0.569912 0.130203 0.150442
0 0.823372 0.263717 0.261473 0.431858
0 0.885272 0.815487 0.129136 0.138938
0 0.885806 0.900000 0.130203 0.030088
0 0.752935 0.949115 0.127001 0.030973
0 0.884739 0.942920 0.130203 0.050442
0 0.227855 0.918584 0.129136 0.092035
0 0.099787 0.091150 0.131270 0.086726
0 0.101387 0.180531 0.132337 0.084956
0 0.101387 0.247788 0.132337 0.047788
0 0.100320 0.291593 0.130203 0.045133
0 0.094450 0.378761 0.131270 0.136283
0 0.097118 0.514159 0.130203 0.136283
0 0.098186 0.604867 0.134472 0.045133
0 0.099787 0.667699 0.135539 0.085841
0 0.097118 0.738053 0.130203 0.053097
0 0.096051 0.780973 0.132337 0.043363
0 0.094450 0.828319 0.131270 0.051327
0 0.094450 0.874336 0.131270 0.046018
0 0.097652 0.933186 0.131270 0.064602