0 0.499482 0.266667 0.244560 0.413169
0 0.917617 0.193416 0.119171 0.032922
0 0.919689 0.243210 0.125389 0.068313
0 0.140415 0.355556 0.235233 0.312757
0 0.080829 0.578189 0.118135 0.129218
0 0.198446 0.585185 0.115026 0.118519
0 0.140415 0.710700 0.235233 0.134156
0 0.142487 0.867901 0.241451 0.181893
0 0.317617 0.580247 0.121244 0.391770
0 0.321762 0.821399 0.121244 0.095473
0 0.380311 0.915638 0.234197 0.088066
0 0.439896 0.837860 0.119171 0.059259
0 0.864249 0.375720 0.238342 0.200000
0 0.801554 0.628807 0.361658 0.307819
0 0.804663 0.874074 0.363731 0.186008