0 0.651436 0.178821 0.130548 0.273726
0 0.914491 0.163836 0.124021 0.247752
0 0.914491 0.325175 0.126632 0.076923
0 0.911880 0.435065 0.129243 0.142857
0 0.911880 0.547952 0.126632 0.078921
0 0.909269 0.684815 0.129243 0.186813
0 0.842037 0.823676 0.266319 0.080919
0 0.838120 0.911089 0.263708 0.091908
0 0.780026 0.723277 0.142298 0.107892
0 0.778721 0.616883 0.137076 0.096903
0 0.642950 0.784216 0.129243 0.349650
0 0.783943 0.431568 0.137076 0.263736
0 0.648172 0.472028 0.131854 0.266733
0 0.111619 0.571928 0.131854 0.150849
0 0.102480 0.847652 0.134465 0.198801
0 0.244778 0.731269 0.129243 0.437562