0 0.226636 0.159641 0.133178 0.245740
0 0.828271 0.508072 0.275701 0.937220
0 0.627921 0.275336 0.134346 0.159641
0 0.491822 0.299103 0.135514 0.106726
0 0.560164 0.443946 0.269860 0.179372
0 0.561332 0.596861 0.269860 0.124664
0 0.561916 0.708969 0.266355 0.094170
0 0.561916 0.777578 0.266355 0.046637
0 0.630257 0.835874 0.134346 0.084305
0 0.627921 0.919731 0.141355 0.094170
0 0.495911 0.815247 0.134346 0.041256
0 0.495327 0.863229 0.133178 0.054709
0 0.495911 0.928251 0.134346 0.075336
0 0.363902 0.591480 0.134346 0.113901
0 0.295561 0.806726 0.266355 0.318386
0 0.094626 0.786099 0.133178 0.034978
0 0.093458 0.834081 0.135514 0.066368
0 0.094626 0.918386 0.140187 0.105830