0 0.556748 0.206122 0.356851 0.325714
0 0.085378 0.244898 0.117587 0.114286
0 0.143149 0.397143 0.233129 0.186939
0 0.142127 0.567347 0.237219 0.160000
0 0.140082 0.714694 0.229039 0.134694
0 0.140082 0.871837 0.239264 0.179592
0 0.321575 0.774286 0.121677 0.280000
0 0.321575 0.940408 0.121677 0.048980
0 0.910532 0.194286 0.115542 0.109388
0 0.856851 0.476735 0.241309 0.452245
0 0.858896 0.834286 0.239264 0.259592
0 0.678425 0.859184 0.115542 0.204898
0 0.560838 0.871837 0.113497 0.184490
0 0.678425 0.633878 0.119632 0.253878