0 0.499470 0.177134 0.367585 0.212560
0 0.193326 0.199678 0.242585 0.241546
0 0.192797 0.368760 0.245763 0.086957
0 0.188559 0.467391 0.243644 0.107085
0 0.188030 0.585749 0.242585 0.124799
0 0.188559 0.702496 0.243644 0.110306
0 0.190678 0.803945 0.245763 0.089372
0 0.192797 0.899758 0.250000 0.100644
0 0.804555 0.215781 0.255297 0.293076
0 0.802966 0.388084 0.245763 0.051530
0 0.808263 0.477858 0.245763 0.129630
0 0.746292 0.565217 0.121822 0.041868
0 0.868114 0.566425 0.121822 0.047504
0 0.810381 0.655797 0.243644 0.136071
0 0.805614 0.768116 0.242585 0.090177
0 0.806674 0.847021 0.242585 0.069243
0 0.805085 0.915459 0.250000 0.067633