0 0.322867 0.727187 0.119668 0.124177
0 0.498815 0.211665 0.239336 0.301035
0 0.199052 0.227187 0.118483 0.196613
0 0.327014 0.935089 0.123223 0.075259
0 0.561611 0.883819 0.360190 0.202258
0 0.805095 0.540922 0.124408 0.060207
0 0.923578 0.452023 0.119668 0.074318
0 0.920616 0.531044 0.111374 0.085607
0 0.858412 0.688147 0.247630 0.238006
0 0.866706 0.890405 0.245261 0.160865
0 0.325237 0.866886 0.119668 0.057385
0 0.320498 0.814675 0.114929 0.043274
0 0.627370 0.715898 0.245261 0.139229
0 0.684834 0.597836 0.118483 0.093133