0 0.411958 0.108333 0.256242 0.129630
0 0.873850 0.062037 0.134034 0.040741
0 0.873193 0.131481 0.137976 0.100000
0 0.873193 0.232407 0.135348 0.101852
0 0.875164 0.330556 0.139290 0.096296
0 0.739159 0.253241 0.127464 0.076852
0 0.740473 0.343056 0.130092 0.106481
0 0.738502 0.437037 0.128778 0.077778
0 0.606439 0.382870 0.130092 0.080556
0 0.608410 0.452778 0.134034 0.053704
0 0.870565 0.522222 0.132720 0.298148
0 0.870565 0.721296 0.135348 0.101852
0 0.870565 0.824537 0.135348 0.102778
0 0.867280 0.916204 0.141919 0.082407
0 0.672142 0.529167 0.261498 0.095370
0 0.670828 0.614815 0.264126 0.077778
0 0.669514 0.709722 0.258870 0.117593
0 0.669514 0.818056 0.258870 0.097222
0 0.668200 0.911111 0.264126 0.081481
0 0.408016 0.924537 0.253614 0.063889