0 0.502700 0.149674 0.379050 0.203100
0 0.816415 0.197798 0.250540 0.296085
0 0.812095 0.416803 0.248380 0.137031
0 0.811555 0.520799 0.253780 0.072594
0 0.813715 0.596656 0.251620 0.072594
0 0.811555 0.675775 0.253780 0.085644
0 0.813715 0.757749 0.251620 0.079935
0 0.746220 0.852365 0.127430 0.109299
0 0.874190 0.839315 0.128510 0.089723
0 0.874190 0.911501 0.128510 0.051387
0 0.183045 0.229201 0.255940 0.362153
0 0.183585 0.459625 0.248380 0.097064
0 0.181425 0.555465 0.244060 0.088091
0 0.184125 0.641109 0.247300 0.075041
0 0.183045 0.721452 0.251620 0.080750
0 0.118251 0.793230 0.128510 0.061175
0 0.117711 0.851958 0.131749 0.053018
0 0.245680 0.807912 0.126350 0.093801
0 0.117711 0.907015 0.133909 0.055465
0 0.501080 0.301794 0.125270 0.106036